0.000000 0.000000
0.978519 0.000000
1.957039 0.000000
2.935559 0.000000
3.914078 0.000000
4.892598 0.000000
5.871117 0.000000
6.849637 0.000000
7.828156 0.000000
8.806676 0.000000
9.785195 0.000000
10.763715 0.000000
11.742234 0.000000
12.720754 0.000000
13.699273 0.000000
14.677793 0.000000
15.656312 0.000000
16.634832 0.000000
17.613352 0.000000
18.591871 0.000000
19.570391 0.000000
20.548910 0.000000
21.527430 0.000000
22.505949 0.000000
23.484468 0.000000
24.462988 0.000000
25.441507 0.000000
26.420027 0.000000
27.398546 0.000000
28.377066 0.000000
29.355585 0.000000
30.334105 0.000000
31.312624 0.000000
32.291145 0.000000
33.269665 0.000000
34.248184 0.000000
35.226704 0.000000
36.205223 0.000000
37.183743 0.000000
38.162262 0.000000
39.140781 0.000000
40.119301 0.000000
41.097820 0.000000
42.076340 0.000000
43.054859 0.000000
44.033379 0.000000
45.011898 0.000000
45.990417 0.000000
46.968937 0.000000
47.947456 0.000000
48.925976 0.000000
49.904495 0.000000
50.883015 0.000000
51.861534 0.000000
52.840054 0.000000
53.818573 0.000000
54.797092 0.000000
55.775612 0.000000
56.754131 0.000000
57.732651 0.000000
58.711170 0.000000
59.689690 0.000000
60.668209 0.000000
61.646729 0.000000
62.625248 0.000000
63.603767 0.000000
64.582291 0.000000
65.560806 0.000000
66.539330 0.000000
67.517845 0.000000
68.496368 0.000000
69.474884 0.000000
70.453407 0.000000
71.431923 0.000000
72.410446 0.000000
73.388962 0.000000
74.367485 0.000000
75.346001 0.000000
76.324524 0.000000
77.303040 0.000000
78.281563 0.000000
79.260078 0.000000
80.238602 0.000000
81.217117 0.000000
82.195641 0.000000
83.174156 0.000000
84.152679 0.000000
85.131195 0.000000
86.109718 0.000000
87.088234 0.000000
88.066757 0.000000
89.045273 0.000000
90.023796 0.000000
91.002312 0.000000
91.980835 0.000000
92.959351 0.000000
93.937874 0.000000
94.916389 0.000000
95.894913 0.000000
96.873428 0.000000
97.851952 0.000000
98.830467 0.000000
99.808990 0.000000
100.787506 0.000000
101.766029 0.000000
102.744545 0.000000
103.723068 0.000000
104.701584 0.000000
105.680107 0.000000
106.658623 0.000000
107.637146 0.000000
108.615662 0.000000
109.594185 0.000000
110.572701 0.000000
111.551224 0.000000
112.529739 0.000000
113.508263 0.000000
114.486778 0.000000
115.465302 0.000000
116.443817 0.000000
117.422340 0.000000
118.400856 0.000000
119.379379 0.000000
120.357895 0.000000
121.336418 0.000000
122.314934 0.000000
123.293457 0.000000
124.271973 168806731793473425382477279115870208.000000
125.250496 0.000000
126.229019 0.000000
127.207535 0.000000
128.186050 0.000000
129.164581 0.000000
130.143097 0.000000
131.121613 168806731793473425382477279115870208.000000
132.100128 0.003914
133.078659 0.014112
134.057175 0.025062
135.035690 0.036086
136.014206 0.047132
136.992737 0.058187
137.971252 0.069247
138.949768 0.080310
139.928284 0.091375
140.906815 0.102441
141.885330 0.113508
142.863846 0.124576
143.842361 0.135644
144.820892 0.146713
145.799408 0.157782
146.777924 0.168851
147.756439 0.179920
148.734970 0.190989
149.713486 0.202059
150.692001 0.213129
151.670517 0.224198
152.649048 0.235268
153.627563 0.246338
154.606079 0.257408
155.584595 0.268478
156.563126 0.279548
157.541641 0.290619
158.520157 0.301689
159.498672 0.312759
160.477203 0.323829
161.455719 0.334900
162.434235 0.345970
163.412750 0.357040
164.391281 0.368111
165.369797 0.379181
166.348312 0.390251
167.326828 0.401322
168.305359 0.412392
169.283875 0.423463
170.262390 0.434533
171.240906 0.445604
172.219437 0.456674
173.197952 0.467745
174.176468 0.478815
175.154984 0.489886
176.133514 0.500956
177.112030 0.512027
178.090546 0.523097
179.069061 0.534168
180.047592 0.545238
181.026108 0.556309
182.004623 0.567379
182.983139 0.578450
183.961670 0.589520
184.940186 0.600591
185.918701 0.611662
186.897217 0.622732
187.875748 0.633803
188.854263 0.644873
189.832779 0.655944
190.811310 0.667014
191.789825 0.678085
192.768341 0.689156
193.746857 0.700226
194.725388 0.711297
195.703903 0.722367
196.682419 0.733438
197.660934 0.744509
198.639465 0.755579
199.617981 0.766650
200.596497 0.777721
201.575012 0.788791
202.553543 0.799862
203.532059 0.810932
204.510574 0.822003
205.489090 0.833074
206.467621 0.844144
207.446136 0.855215
208.424652 0.866286
209.403168 0.877356
210.381699 0.888427
211.360214 0.899497
212.338730 0.910568
213.317245 0.921639
214.295776 0.932709
215.274292 0.943780
216.252808 0.954851
217.231323 0.965921
218.209854 0.976992
219.188370 0.988062
220.166885 0.999133
221.145401 1.010204
222.123932 1.021274
223.102448 1.032345
224.080963 1.043416
225.059479 1.054486
226.038010 1.065557
227.016525 1.076628
227.995041 1.087698
228.973557 1.098769
229.952087 1.109840
230.930603 1.120910
231.909119 1.131981
232.887634 1.143052
233.866165 1.154122
234.844681 1.165193
235.823196 1.176263
236.801712 1.187334
237.780243 1.198405
238.758759 1.209475
239.737274 1.220546
240.715790 1.231617
241.694321 1.242687
242.672836 1.253758
243.651352 1.264829
244.629868 1.275899
245.608398 1.286970
246.586914 1.298041
247.565430 1.309111
248.543945 1.320182
249.522476 1.331253
