0.000000 0.200076
0.002500 0.194977
0.005000 0.200076
0.007500 0.200076
0.010000 0.205174
0.012500 0.210273
0.015000 0.205174
0.017500 0.205174
0.020000 0.200076
0.022500 0.205174
0.025000 0.205174
0.027500 0.205174
0.030000 0.210273
0.032500 0.205174
0.035000 0.205174
0.037500 0.205174
0.040000 0.200076
0.042500 0.200076
0.045000 0.205174
0.047500 0.200076
0.050000 0.189879
0.052500 0.189879
0.055000 0.184780
0.057500 0.184780
0.060000 0.184780
0.062500 0.184780
0.065000 0.179682
0.067500 0.174583
0.070000 0.169485
0.072500 0.169485
0.075000 0.174583
0.077500 0.179682
0.080000 0.174583
0.082500 0.174583
0.085000 0.169485
0.087500 0.169485
0.090000 0.169485
0.092500 0.174583
0.095000 0.174583
0.097500 0.174583
0.100000 0.169485
0.102500 0.169485
0.105000 0.169485
0.107500 0.169485
0.110000 0.174583
0.112500 0.174583
0.115000 0.174583
0.117500 0.174583
0.120000 0.169485
0.122500 0.169485
0.125000 0.169485
0.127500 0.174583
0.130000 0.179682
0.132500 0.174583
0.135000 0.169485
0.137500 0.169485
0.140000 0.169485
0.142500 0.169485
0.145000 0.174583
0.147500 0.169485
0.150000 0.164386
0.152500 0.154189
0.155000 0.143992
0.157500 0.138893
0.160000 0.133795
0.162500 0.154189
0.165000 0.179682
0.167500 0.205174
0.170000 0.235766
0.172500 0.256160
0.175000 0.291849
0.177500 0.327539
0.180000 0.353032
0.182500 0.388722
0.185000 0.414214
0.187500 0.424411
0.190000 0.414214
0.192500 0.398919
0.195000 0.373426
0.197500 0.347933
0.200000 0.312244
0.202500 0.281652
0.205000 0.245963
0.207500 0.220470
0.210000 0.184780
0.212500 0.159288
0.215000 0.128696
0.217500 0.118499
0.220000 0.118499
0.222500 0.133795
0.225000 0.138893
0.227500 0.154189
0.230000 0.164386
0.232500 0.164386
0.235000 0.164386
0.237500 0.164386
0.240000 0.169485
0.242500 0.169485
0.245000 0.174583
0.247500 0.174583
0.250000 0.169485
0.252500 0.169485
0.255000 0.169485
0.257500 0.169485
0.260000 0.174583
0.262500 0.179682
0.265000 0.174583
0.267500 0.169485
0.270000 0.169485
0.272500 0.169485
0.275000 0.169485
0.277500 0.174583
0.280000 0.174583
0.282500 0.174583
0.285000 0.169485
0.287500 0.169485
0.290000 0.169485
0.292500 0.169485
0.295000 0.179682
0.297500 0.174583
0.300000 0.169485
0.302500 0.169485
0.305000 0.169485
0.307500 0.169485
0.310000 0.174583
0.312500 0.174583
0.315000 0.174583
0.317500 0.169485
0.320000 0.169485
0.322500 0.169485
0.325000 0.174583
0.327500 0.174583
0.330000 0.174583
0.332500 0.174583
0.335000 0.169485
0.337500 0.169485
0.340000 0.169485
0.342500 0.169485
0.345000 0.174583
0.347500 0.174583
0.350000 0.174583
0.352500 0.169485
0.355000 0.169485
0.357500 0.169485
0.360000 0.179682
0.362500 0.174583
0.365000 0.174583
0.367500 0.169485
0.370000 0.169485
0.372500 0.169485
0.375000 0.174583
0.377500 0.174583
0.380000 0.179682
0.382500 0.174583
0.385000 0.174583
0.387500 0.169485
0.390000 0.174583
0.392500 0.179682
0.395000 0.184780
0.397500 0.184780
0.400000 0.184780
0.402500 0.179682
0.405000 0.179682
0.407500 0.189879
0.410000 0.189879
0.412500 0.194977
0.415000 0.194977
0.417500 0.194977
0.420000 0.189879
0.422500 0.194977
0.425000 0.194977
0.427500 0.200076
0.430000 0.200076
0.432500 0.205174
0.435000 0.200076
0.437500 0.200076
0.440000 0.200076
0.442500 0.205174
0.445000 0.205174
0.447500 0.210273
0.450000 0.205174
0.452500 0.205174
0.455000 0.205174
0.457500 0.210273
0.460000 0.210273
0.462500 0.215371
0.465000 0.215371
0.467500 0.210273
0.470000 0.210273
0.472500 0.215371
0.475000 0.215371
0.477500 0.215371
0.480000 0.225569
0.482500 0.220470
0.485000 0.215371
0.487500 0.215371
0.490000 0.220470
0.492500 0.215371
0.495000 0.225569
0.497500 0.225569
0.500000 0.220470
0.502500 0.215371
0.505000 0.220470
0.507500 0.220470
0.510000 0.225569
0.512500 0.230667
0.515000 0.225569
0.517500 0.220470
0.520000 0.220470
0.522500 0.220470
0.525000 0.220470
0.527500 0.230667
0.530000 0.230667
0.532500 0.225569
0.535000 0.220470
0.537500 0.225569
0.540000 0.215371
0.542500 0.225569
0.545000 0.225569
0.547500 0.225569
0.550000 0.220470
0.552500 0.220470
0.555000 0.215371
0.557500 0.215371
0.560000 0.220470
0.562500 0.215371
0.565000 0.210273
0.567500 0.210273
0.570000 0.205174
0.572500 0.200076
0.575000 0.205174
0.577500 0.210273
0.580000 0.205174
0.582500 0.200076
0.585000 0.194977
0.587500 0.189879
0.590000 0.189879
0.592500 0.189879
0.595000 0.189879
0.597500 0.184780
0.600000 0.184780
0.602500 0.179682
0.605000 0.174583
0.607500 0.169485
0.610000 0.179682
0.612500 0.179682
0.615000 0.174583
0.617500 0.174583
0.620000 0.169485
0.622500 0.169485
0.625000 0.169485
0.627500 0.174583
0.630000 0.174583
0.632500 0.174583
0.635000 0.169485
0.637500 0.169485
0.640000 0.169485
0.642500 0.174583
0.645000 0.174583
0.647500 0.174583
0.650000 0.174583
0.652500 0.169485
0.655000 0.169485
0.657500 0.174583
0.660000 0.179682
0.662500 0.184780
0.665000 0.179682
0.667500 0.179682
0.670000 0.174583
0.672500 0.179682
0.675000 0.179682
0.677500 0.184780
0.680000 0.184780
0.682500 0.184780
0.685000 0.179682
0.687500 0.174583
0.690000 0.174583
0.692500 0.174583
0.695000 0.174583
0.697500 0.174583
0.700000 0.174583
0.702500 0.169485
0.705000 0.169485
0.707500 0.169485
0.710000 0.174583
0.712500 0.174583
0.715000 0.174583
0.717500 0.169485
0.720000 0.169485
0.722500 0.169485
0.725000 0.169485
0.727500 0.174583
0.730000 0.174583
0.732500 0.174583
0.735000 0.169485
0.737500 0.169485
0.740000 0.174583
0.742500 0.169485
0.745000 0.174583
0.747500 0.179682
0.750000 0.174583
0.752500 0.169485
0.755000 0.169485
0.757500 0.169485
0.760000 0.174583
0.762500 0.174583
0.765000 0.174583
0.767500 0.169485
0.770000 0.169485
0.772500 0.169485
0.775000 0.169485
0.777500 0.174583
0.780000 0.179682
0.782500 0.174583
0.785000 0.169485
0.787500 0.169485
0.790000 0.169485
0.792500 0.169485
0.795000 0.174583
0.797500 0.174583
0.800000 0.169485
0.802500 0.169485
0.805000 0.169485
0.807500 0.169485
0.810000 0.174583
0.812500 0.179682
0.815000 0.169485
0.817500 0.169485
0.820000 0.169485
0.822500 0.169485
0.825000 0.169485
0.827500 0.179682
0.830000 0.174583
0.832500 0.169485
0.835000 0.169485
0.837500 0.169485
0.840000 0.169485
0.842500 0.169485
0.845000 0.179682
0.847500 0.174583
0.850000 0.174583
0.852500 0.169485
0.855000 0.169485
0.857500 0.169485
0.860000 0.174583
0.862500 0.174583
0.865000 0.174583
0.867500 0.174583
0.870000 0.169485
0.872500 0.169485
0.875000 0.174583
0.877500 0.174583
0.880000 0.174583
0.882500 0.174583
0.885000 0.174583
0.887500 0.169485
0.890000 0.169485
0.892500 0.174583
0.895000 0.174583
0.897500 0.174583
0.900000 0.174583
0.902500 0.169485
0.905000 0.164386
0.907500 0.174583
0.910000 0.174583
0.912500 0.174583
0.915000 0.174583
0.917500 0.174583
0.920000 0.169485
0.922500 0.169485
0.925000 0.174583
0.927500 0.174583
0.930000 0.174583
0.932500 0.174583
0.935000 0.169485
0.937500 0.169485
0.940000 0.169485
0.942500 0.169485
0.945000 0.174583
0.947500 0.174583
0.950000 0.174583
0.952500 0.164386
0.955000 0.169485
0.957500 0.169485
0.960000 0.174583
0.962500 0.179682
0.965000 0.179682
0.967500 0.179682
0.970000 0.179682
0.972500 0.179682
0.975000 0.184780
0.977500 0.184780
0.980000 0.189879
0.982500 0.189879
0.985000 0.189879
0.987500 0.189879
0.990000 0.194977
0.992500 0.194977
0.995000 0.200076
0.997500 0.200076
1.000000 0.200076
1.002500 0.200076
1.005000 0.200076
1.007500 0.200076
1.010000 0.205174
1.012500 0.210273
1.015000 0.205174
1.017500 0.205174
1.020000 0.200076
1.022500 0.205174
1.025000 0.205174
1.027500 0.210273
1.030000 0.210273
1.032500 0.210273
1.035000 0.200076
1.037500 0.205174
1.040000 0.200076
1.042500 0.205174
1.045000 0.205174
1.047500 0.200076
1.050000 0.194977
1.052500 0.184780
1.055000 0.189879
1.057500 0.179682
1.060000 0.184780
1.062500 0.179682
1.065000 0.174583
1.067500 0.169485
1.070000 0.174583
1.072500 0.169485
1.075000 0.174583
1.077500 0.179682
1.080000 0.174583
1.082500 0.169485
1.085000 0.169485
1.087500 0.169485
1.090000 0.169485
1.092500 0.174583
1.095000 0.174583
1.097500 0.174583
1.100000 0.169485
1.102500 0.169485
1.105000 0.169485
1.107500 0.169485
1.110000 0.174583
1.112500 0.179682
1.115000 0.174583
1.117500 0.174583
1.120000 0.169485
1.122500 0.169485
1.125000 0.174583
1.127500 0.174583
1.130000 0.169485
1.132500 0.174583
1.135000 0.174583
1.137500 0.169485
1.140000 0.169485
1.142500 0.174583
1.145000 0.174583
1.147500 0.169485
1.150000 0.164386
1.152500 0.154189
1.155000 0.143992
1.157500 0.138893
1.160000 0.133795
1.162500 0.154189
1.165000 0.174583
1.167500 0.200076
1.170000 0.225569
1.172500 0.256160
1.175000 0.296948
1.177500 0.332638
1.180000 0.358130
1.182500 0.388722
1.185000 0.414214
1.187500 0.424411
1.190000 0.414214
1.192500 0.398919
1.195000 0.373426
1.197500 0.347933
1.200000 0.317342
1.202500 0.276554
1.205000 0.251061
1.207500 0.220470
1.210000 0.189879
1.212500 0.159288
1.215000 0.128696
1.217500 0.118499
1.220000 0.118499
1.222500 0.128696
1.225000 0.138893
1.227500 0.149090
1.230000 0.164386
1.232500 0.164386
1.235000 0.164386
1.237500 0.169485
1.240000 0.169485
1.242500 0.169485
1.245000 0.174583
1.247500 0.179682
1.250000 0.169485
1.252500 0.169485
1.255000 0.169485
1.257500 0.169485
1.260000 0.174583
1.262500 0.179682
1.265000 0.174583
1.267500 0.169485
1.270000 0.169485
1.272500 0.169485
1.275000 0.169485
1.277500 0.174583
1.280000 0.174583
1.282500 0.174583
1.285000 0.169485
1.287500 0.169485
1.290000 0.169485
1.292500 0.169485
1.295000 0.179682
1.297500 0.174583
1.300000 0.174583
1.302500 0.169485
1.305000 0.169485
1.307500 0.169485
1.310000 0.174583
1.312500 0.174583
1.315000 0.174583
1.317500 0.169485
1.320000 0.169485
1.322500 0.169485
1.325000 0.169485
1.327500 0.174583
1.330000 0.174583
1.332500 0.169485
1.335000 0.169485
1.337500 0.164386
1.340000 0.169485
1.342500 0.174583
1.345000 0.179682
1.347500 0.174583
1.350000 0.169485
1.352500 0.169485
1.355000 0.169485
1.357500 0.169485
1.360000 0.174583
1.362500 0.174583
1.365000 0.169485
1.367500 0.174583
1.370000 0.169485
1.372500 0.169485
1.375000 0.169485
1.377500 0.174583
1.380000 0.174583
1.382500 0.174583
1.385000 0.174583
1.387500 0.174583
1.390000 0.174583
1.392500 0.184780
1.395000 0.184780
1.397500 0.184780
1.400000 0.184780
1.402500 0.179682
1.405000 0.179682
1.407500 0.184780
1.410000 0.189879
1.412500 0.189879
1.415000 0.189879
1.417500 0.189879
1.420000 0.189879
1.422500 0.189879
1.425000 0.200076
1.427500 0.200076
1.430000 0.200076
1.432500 0.200076
1.435000 0.200076
1.437500 0.194977
1.440000 0.205174
1.442500 0.205174
1.445000 0.210273
1.447500 0.210273
1.450000 0.210273
1.452500 0.205174
1.455000 0.205174
1.457500 0.210273
1.460000 0.210273
1.462500 0.215371
1.465000 0.215371
1.467500 0.210273
1.470000 0.210273
1.472500 0.215371
1.475000 0.215371
1.477500 0.215371
1.480000 0.220470
1.482500 0.220470
1.485000 0.215371
1.487500 0.215371
1.490000 0.215371
1.492500 0.220470
1.495000 0.225569
1.497500 0.225569
1.500000 0.220470
1.502500 0.220470
1.505000 0.220470
1.507500 0.220470
1.510000 0.225569
1.512500 0.230667
1.515000 0.225569
1.517500 0.220470
1.520000 0.220470
1.522500 0.225569
1.525000 0.220470
1.527500 0.230667
1.530000 0.230667
1.532500 0.225569
1.535000 0.220470
1.537500 0.225569
1.540000 0.220470
1.542500 0.220470
1.545000 0.230667
1.547500 0.225569
1.550000 0.220470
1.552500 0.215371
1.555000 0.215371
1.557500 0.210273
1.560000 0.220470
1.562500 0.220470
1.565000 0.210273
1.567500 0.205174
1.570000 0.210273
1.572500 0.205174
1.575000 0.205174
1.577500 0.210273
1.580000 0.205174
1.582500 0.200076
1.585000 0.194977
1.587500 0.189879
1.590000 0.189879
1.592500 0.189879
1.595000 0.189879
1.597500 0.184780
1.600000 0.184780
1.602500 0.179682
1.605000 0.169485
1.607500 0.174583
1.610000 0.179682
1.612500 0.179682
1.615000 0.174583
1.617500 0.174583
1.620000 0.169485
1.622500 0.169485
1.625000 0.174583
1.627500 0.174583
1.630000 0.174583
1.632500 0.174583
1.635000 0.169485
1.637500 0.169485
1.640000 0.169485
1.642500 0.174583
1.645000 0.174583
1.647500 0.174583
1.650000 0.174583
1.652500 0.169485
1.655000 0.169485
1.657500 0.174583
1.660000 0.179682
1.662500 0.179682
1.665000 0.184780
1.667500 0.179682
1.670000 0.179682
1.672500 0.179682
1.675000 0.184780
1.677500 0.184780
1.680000 0.184780
1.682500 0.184780
1.685000 0.179682
1.687500 0.174583
1.690000 0.179682
1.692500 0.179682
1.695000 0.174583
1.697500 0.174583
1.700000 0.174583
1.702500 0.169485
1.705000 0.169485
1.707500 0.169485
1.710000 0.169485
1.712500 0.174583
1.715000 0.174583
1.717500 0.169485
1.720000 0.169485
1.722500 0.169485
1.725000 0.169485
1.727500 0.174583
1.730000 0.179682
1.732500 0.174583
1.735000 0.169485
1.737500 0.169485
1.740000 0.169485
1.742500 0.169485
1.745000 0.174583
1.747500 0.174583
1.750000 0.169485
1.752500 0.169485
1.755000 0.169485
1.757500 0.169485
1.760000 0.169485
1.762500 0.179682
1.765000 0.174583
1.767500 0.169485
1.770000 0.169485
1.772500 0.169485
1.775000 0.169485
1.777500 0.174583
1.780000 0.174583
1.782500 0.174583
1.785000 0.169485
1.787500 0.169485
1.790000 0.169485
1.792500 0.169485
1.795000 0.179682
1.797500 0.174583
1.800000 0.174583
1.802500 0.169485
1.805000 0.169485
1.807500 0.169485
1.810000 0.174583
1.812500 0.179682
1.815000 0.174583
1.817500 0.169485
1.820000 0.169485
1.822500 0.169485
1.825000 0.169485
1.827500 0.174583
1.830000 0.174583
1.832500 0.174583
1.835000 0.169485
1.837500 0.169485
1.840000 0.169485
1.842500 0.174583
1.845000 0.174583
1.847500 0.174583
1.850000 0.169485
1.852500 0.169485
1.855000 0.169485
1.857500 0.169485
1.860000 0.174583
1.862500 0.174583
1.865000 0.174583
1.867500 0.174583
1.870000 0.169485
1.872500 0.169485
1.875000 0.169485
1.877500 0.179682
1.880000 0.174583
1.882500 0.174583
1.885000 0.174583
1.887500 0.169485
1.890000 0.169485
1.892500 0.174583
1.895000 0.174583
1.897500 0.174583
1.900000 0.174583
1.902500 0.169485
1.905000 0.169485
1.907500 0.169485
1.910000 0.174583
1.912500 0.174583
1.915000 0.174583
1.917500 0.174583
1.920000 0.169485
1.922500 0.169485
1.925000 0.169485
1.927500 0.174583
1.930000 0.174583
1.932500 0.174583
1.935000 0.169485
1.937500 0.169485
1.940000 0.169485
1.942500 0.174583
1.945000 0.174583
1.947500 0.174583
1.950000 0.169485
1.952500 0.169485
1.955000 0.169485
1.957500 0.169485
1.960000 0.174583
1.962500 0.179682
1.965000 0.179682
1.967500 0.179682
1.970000 0.174583
1.972500 0.184780
1.975000 0.184780
1.977500 0.184780
1.980000 0.189879
1.982500 0.189879
1.985000 0.184780
1.987500 0.189879
1.990000 0.194977
1.992500 0.194977
1.995000 0.200076
1.997500 0.200076
2.000000 0.200076
2.002500 0.194977
2.005000 0.200076
2.007500 0.200076
2.010000 0.205174
2.012500 0.205174
2.015000 0.205174
2.017500 0.205174
2.020000 0.205174
2.022500 0.205174
2.025000 0.205174
2.027500 0.210273
2.030000 0.210273
2.032500 0.205174
2.035000 0.205174
2.037500 0.205174
2.040000 0.205174
2.042500 0.200076
2.045000 0.205174
2.047500 0.200076
2.050000 0.194977
2.052500 0.189879
2.055000 0.184780
2.057500 0.184780
2.060000 0.184780
2.062500 0.184780
2.065000 0.179682
2.067500 0.174583
2.070000 0.169485
2.072500 0.169485
2.075000 0.169485
2.077500 0.174583
2.080000 0.174583
2.082500 0.174583
2.085000 0.169485
2.087500 0.169485
2.090000 0.169485
2.092500 0.174583
2.095000 0.179682
2.097500 0.179682
2.100000 0.169485
2.102500 0.169485
2.105000 0.169485
2.107500 0.169485
2.110000 0.174583
2.112500 0.174583
2.115000 0.174583
2.117500 0.169485
2.120000 0.169485
2.122500 0.169485
2.125000 0.169485
2.127500 0.174583
2.130000 0.174583
2.132500 0.174583
2.135000 0.174583
2.137500 0.169485
2.140000 0.169485
2.142500 0.174583
2.145000 0.174583
2.147500 0.169485
2.150000 0.164386
2.152500 0.154189
2.155000 0.149090
2.157500 0.138893
2.160000 0.133795
2.162500 0.154189
2.165000 0.174583
2.167500 0.200076
2.170000 0.220470
2.172500 0.251061
2.175000 0.286751
2.177500 0.327539
2.180000 0.353032
2.182500 0.393820
2.185000 0.414214
2.187500 0.424411
2.190000 0.414214
2.192500 0.398919
2.195000 0.373426
2.197500 0.347933
2.200000 0.312244
2.202500 0.281652
2.205000 0.251061
2.207500 0.220470
2.210000 0.189879
2.212500 0.159288
2.215000 0.128696
2.217500 0.118499
2.220000 0.118499
2.222500 0.128696
2.225000 0.143992
2.227500 0.149090
2.230000 0.159288
2.232500 0.164386
2.235000 0.164386
2.237500 0.164386
2.240000 0.164386
2.242500 0.169485
2.245000 0.174583
2.247500 0.174583
2.250000 0.169485
2.252500 0.169485
2.255000 0.169485
2.257500 0.169485
2.260000 0.174583
2.262500 0.174583
2.265000 0.179682
2.267500 0.169485
2.270000 0.169485
2.272500 0.169485
2.275000 0.169485
2.277500 0.174583
2.280000 0.174583
2.282500 0.174583
2.285000 0.169485
2.287500 0.169485
2.290000 0.169485
2.292500 0.174583
2.295000 0.174583
2.297500 0.174583
2.300000 0.174583
2.302500 0.169485
2.305000 0.169485
2.307500 0.169485
2.310000 0.169485
2.312500 0.174583
2.315000 0.174583
2.317500 0.174583
2.320000 0.169485
2.322500 0.169485
2.325000 0.169485
2.327500 0.179682
2.330000 0.179682
2.332500 0.174583
2.335000 0.169485
2.337500 0.169485
2.340000 0.169485
2.342500 0.169485
2.345000 0.179682
2.347500 0.174583
2.350000 0.169485
2.352500 0.169485
2.355000 0.169485
2.357500 0.169485
2.360000 0.174583
2.362500 0.174583
2.365000 0.174583
2.367500 0.169485
2.370000 0.169485
2.372500 0.164386
2.375000 0.174583
2.377500 0.174583
2.380000 0.179682
2.382500 0.174583
2.385000 0.174583
2.387500 0.174583
2.390000 0.174583
2.392500 0.179682
2.395000 0.184780
2.397500 0.184780
2.400000 0.184780
2.402500 0.184780
2.405000 0.184780
2.407500 0.189879
2.410000 0.189879
2.412500 0.194977
2.415000 0.189879
2.417500 0.194977
2.420000 0.189879
2.422500 0.189879
2.425000 0.194977
2.427500 0.200076
2.430000 0.200076
2.432500 0.200076
2.435000 0.200076
2.437500 0.194977
2.440000 0.200076
2.442500 0.205174
2.445000 0.210273
2.447500 0.210273
2.450000 0.210273
2.452500 0.205174
2.455000 0.205174
2.457500 0.210273
2.460000 0.210273
2.462500 0.215371
2.465000 0.215371
2.467500 0.215371
2.470000 0.210273
2.472500 0.210273
2.475000 0.215371
2.477500 0.220470
2.480000 0.220470
2.482500 0.220470
2.485000 0.215371
2.487500 0.210273
2.490000 0.220470
2.492500 0.220470
2.495000 0.225569
2.497500 0.225569
2.500000 0.225569
2.502500 0.220470
2.505000 0.220470
2.507500 0.225569
2.510000 0.225569
2.512500 0.225569
2.515000 0.230667
2.517500 0.220470
2.520000 0.220470
2.522500 0.220470
2.525000 0.220470
2.527500 0.225569
2.530000 0.230667
2.532500 0.225569
2.535000 0.220470
2.537500 0.220470
2.540000 0.220470
2.542500 0.225569
2.545000 0.225569
2.547500 0.230667
2.550000 0.215371
2.552500 0.215371
2.555000 0.215371
2.557500 0.215371
2.560000 0.215371
2.562500 0.220470
2.565000 0.215371
2.567500 0.210273
2.570000 0.205174
2.572500 0.205174
2.575000 0.205174
2.577500 0.205174
2.580000 0.205174
2.582500 0.200076
2.585000 0.194977
2.587500 0.194977
2.590000 0.189879
2.592500 0.189879
2.595000 0.189879
2.597500 0.184780
2.600000 0.179682
2.602500 0.179682
2.605000 0.174583
2.607500 0.169485
2.610000 0.179682
2.612500 0.179682
2.615000 0.174583
2.617500 0.169485
2.620000 0.169485
2.622500 0.169485
2.625000 0.169485
2.627500 0.174583
2.630000 0.174583
2.632500 0.169485
2.635000 0.174583
2.637500 0.169485
2.640000 0.169485
2.642500 0.174583
2.645000 0.174583
2.647500 0.169485
2.650000 0.169485
2.652500 0.169485
2.655000 0.169485
2.657500 0.174583
2.660000 0.179682
2.662500 0.184780
2.665000 0.179682
2.667500 0.184780
2.670000 0.179682
2.672500 0.179682
2.675000 0.179682
2.677500 0.184780
2.680000 0.184780
2.682500 0.184780
2.685000 0.179682
2.687500 0.174583
2.690000 0.174583
2.692500 0.179682
2.695000 0.179682
2.697500 0.174583
2.700000 0.174583
2.702500 0.169485
2.705000 0.169485
2.707500 0.174583
2.710000 0.174583
2.712500 0.174583
2.715000 0.174583
2.717500 0.169485
2.720000 0.169485
2.722500 0.169485
2.725000 0.174583
2.727500 0.174583
2.730000 0.174583
2.732500 0.174583
2.735000 0.169485
2.737500 0.169485
2.740000 0.169485
2.742500 0.169485
2.745000 0.179682
2.747500 0.174583
2.750000 0.174583
2.752500 0.169485
2.755000 0.169485
2.757500 0.169485
2.760000 0.174583
2.762500 0.174583
2.765000 0.174583
2.767500 0.169485
2.770000 0.169485
2.772500 0.169485
2.775000 0.169485
2.777500 0.174583
2.780000 0.179682
2.782500 0.174583
2.785000 0.164386
2.787500 0.169485
2.790000 0.169485
2.792500 0.169485
2.795000 0.174583
2.797500 0.174583
2.800000 0.169485
2.802500 0.169485
2.805000 0.169485
2.807500 0.169485
2.810000 0.174583
2.812500 0.179682
2.815000 0.174583
2.817500 0.169485
2.820000 0.169485
2.822500 0.169485
2.825000 0.169485
2.827500 0.174583
2.830000 0.179682
2.832500 0.174583
2.835000 0.169485
2.837500 0.169485
2.840000 0.164386
2.842500 0.174583
2.845000 0.179682
2.847500 0.174583
2.850000 0.169485
2.852500 0.169485
2.855000 0.169485
2.857500 0.169485
2.860000 0.174583
2.862500 0.179682
2.865000 0.174583
2.867500 0.174583
2.870000 0.169485
2.872500 0.169485
2.875000 0.169485
2.877500 0.174583
2.880000 0.174583
2.882500 0.169485
2.885000 0.169485
2.887500 0.169485
2.890000 0.164386
2.892500 0.174583
2.895000 0.179682
2.897500 0.169485
2.900000 0.174583
2.902500 0.169485
2.905000 0.169485
2.907500 0.169485
2.910000 0.174583
2.912500 0.179682
2.915000 0.174583
2.917500 0.174583
2.920000 0.169485
2.922500 0.169485
2.925000 0.169485
2.927500 0.179682
2.930000 0.174583
2.932500 0.174583
2.935000 0.169485
2.937500 0.169485
2.940000 0.169485
2.942500 0.174583
2.945000 0.179682
2.947500 0.174583
2.950000 0.174583
2.952500 0.169485
2.955000 0.169485
2.957500 0.169485
2.960000 0.174583
2.962500 0.179682
2.965000 0.184780
2.967500 0.179682
2.970000 0.174583
2.972500 0.174583
2.975000 0.184780
2.977500 0.184780
2.980000 0.189879
2.982500 0.189879
2.985000 0.189879
2.987500 0.184780
2.990000 0.194977
2.992500 0.194977
2.995000 0.200076
2.997500 0.200076
3.000000 0.200076
3.002500 0.194977
3.005000 0.200076
3.007500 0.205174
3.010000 0.205174
3.012500 0.205174
3.015000 0.210273
3.017500 0.205174
3.020000 0.200076
3.022500 0.205174
3.025000 0.210273
3.027500 0.210273
3.030000 0.210273
3.032500 0.210273
3.035000 0.205174
3.037500 0.200076
3.040000 0.205174
3.042500 0.200076
3.045000 0.205174
3.047500 0.205174
3.050000 0.194977
3.052500 0.189879
3.055000 0.184780
3.057500 0.184780
3.060000 0.184780
3.062500 0.184780
3.065000 0.179682
3.067500 0.169485
3.070000 0.169485
3.072500 0.174583
3.075000 0.169485
3.077500 0.174583
3.080000 0.174583
3.082500 0.169485
3.085000 0.169485
3.087500 0.169485
3.090000 0.169485
3.092500 0.174583
3.095000 0.179682
3.097500 0.174583
3.100000 0.174583
3.102500 0.169485
3.105000 0.169485
3.107500 0.169485
3.110000 0.174583
3.112500 0.174583
3.115000 0.174583
3.117500 0.169485
3.120000 0.169485
3.122500 0.169485
3.125000 0.169485
3.127500 0.174583
3.130000 0.174583
3.132500 0.169485
3.135000 0.169485
3.137500 0.169485
3.140000 0.169485
3.142500 0.174583
3.145000 0.174583
3.147500 0.169485
3.150000 0.164386
3.152500 0.154189
3.155000 0.143992
3.157500 0.138893
3.160000 0.133795
3.162500 0.154189
3.165000 0.169485
3.167500 0.200076
3.170000 0.220470
3.172500 0.251061
3.175000 0.291849
3.177500 0.327539
3.180000 0.353032
3.182500 0.383623
3.185000 0.414214
3.187500 0.424411
3.190000 0.409116
3.192500 0.398919
3.195000 0.373426
3.197500 0.342835
3.200000 0.317342
3.202500 0.281652
3.205000 0.251061
3.207500 0.220470
3.210000 0.189879
3.212500 0.159288
3.215000 0.128696
3.217500 0.118499
3.220000 0.123598
3.222500 0.128696
3.225000 0.138893
3.227500 0.149090
3.230000 0.159288
3.232500 0.164386
3.235000 0.164386
3.237500 0.164386
3.240000 0.169485
3.242500 0.169485
3.245000 0.174583
3.247500 0.174583
3.250000 0.174583
3.252500 0.169485
3.255000 0.169485
3.257500 0.174583
3.260000 0.174583
3.262500 0.174583
3.265000 0.174583
3.267500 0.174583
3.270000 0.169485
3.272500 0.169485
3.275000 0.174583
3.277500 0.174583
3.280000 0.174583
3.282500 0.174583
3.285000 0.169485
3.287500 0.169485
3.290000 0.169485
3.292500 0.169485
3.295000 0.174583
3.297500 0.174583
3.300000 0.169485
3.302500 0.169485
3.305000 0.169485
3.307500 0.169485
3.310000 0.174583
3.312500 0.179682
3.315000 0.174583
3.317500 0.169485
3.320000 0.169485
3.322500 0.169485
3.325000 0.169485
3.327500 0.174583
3.330000 0.179682
3.332500 0.174583
3.335000 0.169485
3.337500 0.169485
3.340000 0.169485
3.342500 0.169485
3.345000 0.174583
3.347500 0.174583
3.350000 0.169485
3.352500 0.169485
3.355000 0.169485
3.357500 0.169485
3.360000 0.174583
3.362500 0.179682
3.365000 0.174583
3.367500 0.169485
3.370000 0.169485
3.372500 0.169485
3.375000 0.169485
3.377500 0.174583
3.380000 0.174583
3.382500 0.169485
3.385000 0.174583
3.387500 0.174583
3.390000 0.174583
3.392500 0.179682
3.395000 0.184780
3.397500 0.184780
3.400000 0.184780
3.402500 0.179682
3.405000 0.179682
3.407500 0.184780
3.410000 0.189879
3.412500 0.194977
3.415000 0.189879
3.417500 0.194977
3.420000 0.189879
3.422500 0.189879
3.425000 0.200076
3.427500 0.200076
3.430000 0.200076
3.432500 0.200076
3.435000 0.200076
3.437500 0.194977
3.440000 0.200076
3.442500 0.205174
3.445000 0.210273
3.447500 0.205174
3.450000 0.210273
3.452500 0.205174
3.455000 0.205174
3.457500 0.210273
3.460000 0.215371
3.462500 0.215371
3.465000 0.220470
3.467500 0.215371
3.470000 0.210273
3.472500 0.210273
3.475000 0.215371
3.477500 0.215371
3.480000 0.220470
3.482500 0.220470
3.485000 0.215371
3.487500 0.210273
3.490000 0.215371
3.492500 0.220470
3.495000 0.220470
3.497500 0.225569
3.500000 0.220470
3.502500 0.215371
3.505000 0.220470
3.507500 0.220470
3.510000 0.220470
3.512500 0.230667
3.515000 0.225569
3.517500 0.220470
3.520000 0.220470
3.522500 0.225569
3.525000 0.220470
3.527500 0.225569
3.530000 0.230667
3.532500 0.225569
3.535000 0.220470
3.537500 0.220470
3.540000 0.220470
3.542500 0.220470
3.545000 0.225569
3.547500 0.225569
3.550000 0.220470
3.552500 0.215371
3.555000 0.215371
3.557500 0.215371
3.560000 0.220470
3.562500 0.220470
3.565000 0.210273
3.567500 0.205174
3.570000 0.205174
3.572500 0.205174
3.575000 0.205174
3.577500 0.210273
3.580000 0.205174
3.582500 0.200076
3.585000 0.200076
3.587500 0.189879
3.590000 0.189879
3.592500 0.189879
3.595000 0.189879
3.597500 0.184780
3.600000 0.184780
3.602500 0.174583
3.605000 0.174583
3.607500 0.174583
3.610000 0.179682
3.612500 0.174583
3.615000 0.174583
3.617500 0.174583
3.620000 0.169485
3.622500 0.169485
3.625000 0.169485
3.627500 0.179682
3.630000 0.174583
3.632500 0.174583
3.635000 0.169485
3.637500 0.169485
3.640000 0.169485
3.642500 0.174583
3.645000 0.174583
3.647500 0.174583
3.650000 0.174583
3.652500 0.169485
3.655000 0.169485
3.657500 0.174583
3.660000 0.179682
3.662500 0.179682
3.665000 0.179682
3.667500 0.179682
3.670000 0.179682
3.672500 0.174583
3.675000 0.184780
3.677500 0.184780
3.680000 0.184780
3.682500 0.179682
3.685000 0.179682
3.687500 0.174583
3.690000 0.179682
3.692500 0.174583
3.695000 0.179682
3.697500 0.174583
3.700000 0.174583
3.702500 0.169485
3.705000 0.169485
3.707500 0.174583
3.710000 0.174583
3.712500 0.174583
3.715000 0.174583
3.717500 0.174583
3.720000 0.169485
3.722500 0.169485
3.725000 0.174583
3.727500 0.174583
3.730000 0.174583
3.732500 0.174583
3.735000 0.169485
3.737500 0.169485
3.740000 0.174583
3.742500 0.174583
3.745000 0.174583
3.747500 0.179682
3.750000 0.174583
3.752500 0.169485
3.755000 0.169485
3.757500 0.169485
3.760000 0.169485
3.762500 0.174583
3.765000 0.174583
3.767500 0.169485
3.770000 0.169485
3.772500 0.169485
3.775000 0.169485
3.777500 0.174583
3.780000 0.179682
3.782500 0.174583
3.785000 0.169485
3.787500 0.169485
3.790000 0.169485
3.792500 0.169485
3.795000 0.174583
3.797500 0.174583
3.800000 0.174583
3.802500 0.169485
3.805000 0.169485
3.807500 0.169485
3.810000 0.174583
3.812500 0.179682
3.815000 0.174583
3.817500 0.169485
3.820000 0.169485
3.822500 0.169485
3.825000 0.169485
3.827500 0.174583
3.830000 0.179682
3.832500 0.169485
3.835000 0.169485
3.837500 0.169485
3.840000 0.169485
3.842500 0.174583
3.845000 0.179682
3.847500 0.174583
3.850000 0.169485
3.852500 0.169485
3.855000 0.169485
3.857500 0.169485
3.860000 0.174583
3.862500 0.179682
3.865000 0.174583
3.867500 0.174583
3.870000 0.169485
3.872500 0.164386
3.875000 0.169485
3.877500 0.179682
3.880000 0.174583
3.882500 0.174583
3.885000 0.174583
3.887500 0.169485
3.890000 0.169485
3.892500 0.174583
3.895000 0.174583
3.897500 0.174583
3.900000 0.174583
3.902500 0.169485
3.905000 0.169485
3.907500 0.169485
3.910000 0.174583
3.912500 0.174583
3.915000 0.174583
3.917500 0.174583
3.920000 0.169485
3.922500 0.169485
3.925000 0.174583
3.927500 0.174583
3.930000 0.174583
3.932500 0.174583
3.935000 0.169485
3.937500 0.169485
3.940000 0.169485
3.942500 0.169485
3.945000 0.174583
3.947500 0.174583
3.950000 0.174583
3.952500 0.169485
3.955000 0.169485
3.957500 0.169485
3.960000 0.174583
3.962500 0.179682
3.965000 0.179682
3.967500 0.179682
3.970000 0.174583
3.972500 0.179682
3.975000 0.184780
3.977500 0.189879
3.980000 0.189879
3.982500 0.189879
3.985000 0.189879
3.987500 0.189879
3.990000 0.189879
3.992500 0.194977
3.995000 0.200076
3.997500 0.205174
4.000000 0.200076
4.002500 0.194977
4.005000 0.200076
4.007500 0.200076
4.010000 0.205174
4.012500 0.210273
4.015000 0.210273
4.017500 0.205174
4.020000 0.205174
4.022500 0.205174
4.025000 0.205174
4.027500 0.210273
4.030000 0.210273
4.032500 0.205174
4.035000 0.205174
4.037500 0.200076
4.040000 0.205174
4.042500 0.205174
4.045000 0.205174
4.047500 0.200076
4.050000 0.200076
4.052500 0.189879
4.055000 0.184780
4.057500 0.184780
4.060000 0.184780
4.062500 0.184780
4.065000 0.179682
4.067500 0.174583
4.070000 0.169485
4.072500 0.169485
4.075000 0.169485
4.077500 0.174583
4.080000 0.179682
4.082500 0.169485
4.085000 0.169485
4.087500 0.169485
4.090000 0.169485
4.092500 0.174583
4.095000 0.174583
4.097500 0.174583
4.100000 0.169485
4.102500 0.174583
4.105000 0.169485
4.107500 0.169485
4.110000 0.174583
4.112500 0.179682
4.115000 0.169485
4.117500 0.169485
4.120000 0.169485
4.122500 0.169485
4.125000 0.169485
4.127500 0.179682
4.130000 0.174583
4.132500 0.169485
4.135000 0.169485
4.137500 0.169485
4.140000 0.169485
4.142500 0.169485
4.145000 0.174583
4.147500 0.169485
4.150000 0.164386
4.152500 0.154189
4.155000 0.143992
4.157500 0.138893
4.160000 0.133795
4.162500 0.149090
4.165000 0.169485
4.167500 0.200076
4.170000 0.225569
4.172500 0.251061
4.175000 0.286751
4.177500 0.322441
4.180000 0.353032
4.182500 0.383623
4.185000 0.414214
4.187500 0.424411
4.190000 0.414214
4.192500 0.398919
4.195000 0.373426
4.197500 0.342835
4.200000 0.312244
4.202500 0.286751
4.205000 0.251061
4.207500 0.225569
4.210000 0.189879
4.212500 0.164386
4.215000 0.128696
4.217500 0.118499
4.220000 0.118499
4.222500 0.128696
4.225000 0.138893
4.227500 0.154189
4.230000 0.159288
4.232500 0.164386
4.235000 0.164386
4.237500 0.164386
4.240000 0.174583
4.242500 0.174583
4.245000 0.174583
4.247500 0.179682
4.250000 0.174583
4.252500 0.169485
4.255000 0.169485
4.257500 0.169485
4.260000 0.169485
4.262500 0.174583
4.265000 0.174583
4.267500 0.169485
4.270000 0.164386
4.272500 0.169485
4.275000 0.169485
4.277500 0.169485
4.280000 0.179682
4.282500 0.174583
4.285000 0.169485
4.287500 0.169485
4.290000 0.169485
4.292500 0.174583
4.295000 0.179682
4.297500 0.179682
4.300000 0.169485
4.302500 0.169485
4.305000 0.174583
4.307500 0.169485
4.310000 0.174583
4.312500 0.179682
4.315000 0.174583
4.317500 0.169485
4.320000 0.169485
4.322500 0.169485
4.325000 0.169485
4.327500 0.174583
4.330000 0.174583
4.332500 0.169485
4.335000 0.169485
4.337500 0.174583
4.340000 0.169485
4.342500 0.169485
4.345000 0.179682
4.347500 0.174583
4.350000 0.174583
4.352500 0.169485
4.355000 0.169485
4.357500 0.169485
4.360000 0.174583
4.362500 0.179682
4.365000 0.174583
4.367500 0.174583
4.370000 0.169485
4.372500 0.164386
4.375000 0.169485
4.377500 0.174583
4.380000 0.174583
4.382500 0.174583
4.385000 0.174583
4.387500 0.169485
4.390000 0.174583
4.392500 0.179682
4.395000 0.184780
4.397500 0.179682
4.400000 0.184780
4.402500 0.184780
4.405000 0.179682
4.407500 0.184780
4.410000 0.194977
4.412500 0.189879
4.415000 0.194977
4.417500 0.194977
4.420000 0.189879
4.422500 0.189879
4.425000 0.200076
4.427500 0.194977
4.430000 0.200076
4.432500 0.200076
4.435000 0.200076
4.437500 0.194977
4.440000 0.200076
4.442500 0.205174
4.445000 0.205174
4.447500 0.210273
4.450000 0.210273
4.452500 0.205174
4.455000 0.205174
4.457500 0.210273
4.460000 0.210273
4.462500 0.215371
4.465000 0.215371
4.467500 0.215371
4.470000 0.210273
4.472500 0.210273
4.475000 0.215371
4.477500 0.220470
4.480000 0.220470
4.482500 0.220470
4.485000 0.215371
4.487500 0.210273
4.490000 0.215371
4.492500 0.220470
4.495000 0.220470
4.497500 0.225569
4.500000 0.225569
4.502500 0.220470
4.505000 0.215371
4.507500 0.220470
4.510000 0.225569
4.512500 0.230667
4.515000 0.230667
4.517500 0.220470
4.520000 0.220470
4.522500 0.220470
4.525000 0.225569
4.527500 0.225569
4.530000 0.230667
4.532500 0.225569
4.535000 0.220470
4.537500 0.220470
4.540000 0.220470
4.542500 0.220470
4.545000 0.225569
4.547500 0.225569
4.550000 0.220470
4.552500 0.220470
4.555000 0.210273
4.557500 0.215371
4.560000 0.215371
4.562500 0.220470
4.565000 0.215371
4.567500 0.210273
4.570000 0.205174
4.572500 0.205174
4.575000 0.205174
4.577500 0.205174
4.580000 0.205174
4.582500 0.200076
4.585000 0.200076
4.587500 0.194977
4.590000 0.189879
4.592500 0.189879
4.595000 0.189879
4.597500 0.189879
4.600000 0.184780
4.602500 0.179682
4.605000 0.174583
4.607500 0.169485
4.610000 0.174583
4.612500 0.174583
4.615000 0.174583
4.617500 0.174583
4.620000 0.169485
4.622500 0.169485
4.625000 0.174583
4.627500 0.174583
4.630000 0.174583
4.632500 0.174583
4.635000 0.174583
4.637500 0.169485
4.640000 0.169485
4.642500 0.174583
4.645000 0.174583
4.647500 0.169485
4.650000 0.169485
4.652500 0.169485
4.655000 0.169485
4.657500 0.174583
4.660000 0.179682
4.662500 0.179682
4.665000 0.179682
4.667500 0.184780
4.670000 0.179682
4.672500 0.179682
4.675000 0.184780
4.677500 0.184780
4.680000 0.184780
4.682500 0.184780
4.685000 0.174583
4.687500 0.174583
4.690000 0.174583
4.692500 0.179682
4.695000 0.179682
4.697500 0.174583
4.700000 0.174583
4.702500 0.169485
4.705000 0.169485
4.707500 0.174583
4.710000 0.174583
4.712500 0.179682
4.715000 0.174583
4.717500 0.169485
4.720000 0.169485
4.722500 0.169485
4.725000 0.174583
4.727500 0.174583
4.730000 0.174583
4.732500 0.174583
4.735000 0.169485
4.737500 0.164386
4.740000 0.174583
4.742500 0.174583
4.745000 0.174583
4.747500 0.179682
4.750000 0.174583
4.752500 0.169485
4.755000 0.169485
4.757500 0.169485
4.760000 0.174583
4.762500 0.174583
4.765000 0.174583
4.767500 0.169485
4.770000 0.169485
4.772500 0.169485
4.775000 0.169485
4.777500 0.174583
4.780000 0.179682
4.782500 0.174583
4.785000 0.169485
4.787500 0.169485
4.790000 0.169485
4.792500 0.174583
4.795000 0.174583
4.797500 0.174583
4.800000 0.174583
4.802500 0.169485
4.805000 0.169485
4.807500 0.169485
4.810000 0.174583
4.812500 0.179682
4.815000 0.174583
4.817500 0.169485
4.820000 0.169485
4.822500 0.169485
4.825000 0.169485
4.827500 0.174583
4.830000 0.179682
4.832500 0.169485
4.835000 0.169485
4.837500 0.169485
4.840000 0.169485
4.842500 0.169485
4.845000 0.179682
4.847500 0.174583
4.850000 0.174583
4.852500 0.169485
4.855000 0.169485
4.857500 0.169485
4.860000 0.174583
4.862500 0.174583
4.865000 0.174583
4.867500 0.174583
4.870000 0.169485
4.872500 0.164386
4.875000 0.174583
4.877500 0.179682
4.880000 0.174583
4.882500 0.169485
4.885000 0.174583
4.887500 0.169485
4.890000 0.169485
4.892500 0.174583
4.895000 0.179682
4.897500 0.174583
4.900000 0.174583
4.902500 0.169485
4.905000 0.164386
4.907500 0.169485
4.910000 0.174583
4.912500 0.174583
4.915000 0.174583
4.917500 0.174583
4.920000 0.169485
4.922500 0.169485
4.925000 0.169485
4.927500 0.174583
4.930000 0.174583
4.932500 0.174583
4.935000 0.169485
4.937500 0.169485
4.940000 0.169485
4.942500 0.174583
4.945000 0.174583
4.947500 0.174583
4.950000 0.174583
4.952500 0.169485
4.955000 0.169485
4.957500 0.174583
4.960000 0.174583
4.962500 0.179682
4.965000 0.179682
4.967500 0.179682
4.970000 0.174583
4.972500 0.179682
4.975000 0.184780
4.977500 0.189879
4.980000 0.189879
4.982500 0.189879
4.985000 0.189879
4.987500 0.189879
4.990000 0.189879
4.992500 0.194977
4.995000 0.200076
4.997500 0.200076
5.000000 0.200076
5.002500 0.194977
5.005000 0.200076
5.007500 0.200076
5.010000 0.205174
5.012500 0.210273
5.015000 0.210273
5.017500 0.205174
5.020000 0.200076
5.022500 0.205174
5.025000 0.205174
5.027500 0.210273
5.030000 0.210273
5.032500 0.210273
5.035000 0.205174
5.037500 0.205174
5.040000 0.205174
5.042500 0.200076
5.045000 0.205174
5.047500 0.200076
5.050000 0.194977
5.052500 0.189879
5.055000 0.184780
5.057500 0.184780
5.060000 0.184780
5.062500 0.184780
5.065000 0.179682
5.067500 0.169485
5.070000 0.169485
5.072500 0.169485
5.075000 0.169485
5.077500 0.174583
5.080000 0.179682
5.082500 0.174583
5.085000 0.169485
5.087500 0.169485
5.090000 0.169485
5.092500 0.174583
5.095000 0.174583
5.097500 0.174583
5.100000 0.169485
5.102500 0.174583
5.105000 0.169485
5.107500 0.169485
5.110000 0.174583
5.112500 0.179682
5.115000 0.169485
5.117500 0.169485
5.120000 0.174583
5.122500 0.169485
5.125000 0.169485
5.127500 0.179682
5.130000 0.174583
5.132500 0.174583
5.135000 0.174583
5.137500 0.169485
5.140000 0.169485
5.142500 0.174583
5.145000 0.174583
5.147500 0.164386
5.150000 0.164386
5.152500 0.154189
5.155000 0.143992
5.157500 0.138893
5.160000 0.133795
5.162500 0.149090
5.165000 0.174583
5.167500 0.200076
5.170000 0.220470
5.172500 0.251061
5.175000 0.286751
5.177500 0.322441
5.180000 0.353032
5.182500 0.383623
5.185000 0.414214
5.187500 0.424411
5.190000 0.414214
5.192500 0.398919
5.195000 0.373426
5.197500 0.347933
5.200000 0.312244
5.202500 0.281652
5.205000 0.245963
5.207500 0.210273
5.210000 0.189879
5.212500 0.164386
5.215000 0.128696
5.217500 0.118499
5.220000 0.118499
5.222500 0.128696
5.225000 0.138893
5.227500 0.149090
5.230000 0.159288
5.232500 0.164386
5.235000 0.164386
5.237500 0.169485
5.240000 0.169485
5.242500 0.169485
5.245000 0.174583
5.247500 0.174583
5.250000 0.169485
5.252500 0.169485
5.255000 0.169485
5.257500 0.174583
5.260000 0.174583
5.262500 0.174583
5.265000 0.174583
5.267500 0.169485
5.270000 0.169485
5.272500 0.169485
5.275000 0.169485
5.277500 0.174583
5.280000 0.174583
5.282500 0.174583
5.285000 0.169485
5.287500 0.169485
5.290000 0.169485
5.292500 0.169485
5.295000 0.174583
5.297500 0.174583
5.300000 0.169485
5.302500 0.169485
5.305000 0.169485
5.307500 0.169485
5.310000 0.174583
5.312500 0.179682
5.315000 0.174583
5.317500 0.174583
5.320000 0.169485
5.322500 0.169485
5.325000 0.169485
5.327500 0.174583
5.330000 0.174583
5.332500 0.174583
5.335000 0.169485
5.337500 0.169485
5.340000 0.169485
5.342500 0.174583
5.345000 0.174583
5.347500 0.174583
5.350000 0.169485
5.352500 0.169485
5.355000 0.169485
5.357500 0.169485
5.360000 0.174583
5.362500 0.174583
5.365000 0.169485
5.367500 0.169485
5.370000 0.169485
5.372500 0.164386
5.375000 0.169485
5.377500 0.174583
5.380000 0.179682
5.382500 0.174583
5.385000 0.174583
5.387500 0.174583
5.390000 0.174583
5.392500 0.179682
5.395000 0.184780
5.397500 0.184780
5.400000 0.184780
5.402500 0.184780
5.405000 0.179682
5.407500 0.184780
5.410000 0.189879
5.412500 0.189879
5.415000 0.194977
5.417500 0.194977
5.420000 0.189879
5.422500 0.189879
5.425000 0.200076
5.427500 0.200076
5.430000 0.200076
5.432500 0.205174
5.435000 0.200076
5.437500 0.194977
5.440000 0.200076
5.442500 0.210273
5.445000 0.205174
5.447500 0.210273
5.450000 0.210273
5.452500 0.205174
5.455000 0.200076
5.457500 0.210273
5.460000 0.210273
5.462500 0.215371
5.465000 0.215371
5.467500 0.210273
5.470000 0.210273
5.472500 0.210273
5.475000 0.215371
5.477500 0.215371
5.480000 0.220470
5.482500 0.220470
5.485000 0.220470
5.487500 0.215371
5.490000 0.220470
5.492500 0.220470
5.495000 0.225569
5.497500 0.225569
5.500000 0.225569
5.502500 0.215371
5.505000 0.220470
5.507500 0.220470
5.510000 0.225569
5.512500 0.230667
5.515000 0.225569
5.517500 0.225569
5.520000 0.215371
5.522500 0.220470
5.525000 0.220470
5.527500 0.225569
5.530000 0.230667
5.532500 0.225569
5.535000 0.220470
5.537500 0.220470
5.540000 0.220470
5.542500 0.220470
5.545000 0.225569
5.547500 0.225569
5.550000 0.220470
5.552500 0.215371
5.555000 0.210273
5.557500 0.215371
5.560000 0.215371
5.562500 0.220470
5.565000 0.215371
5.567500 0.210273
5.570000 0.205174
5.572500 0.205174
5.575000 0.205174
5.577500 0.210273
5.580000 0.205174
5.582500 0.200076
5.585000 0.194977
5.587500 0.194977
5.590000 0.189879
5.592500 0.189879
5.595000 0.194977
5.597500 0.184780
5.600000 0.184780
5.602500 0.179682
5.605000 0.174583
5.607500 0.169485
5.610000 0.179682
5.612500 0.179682
5.615000 0.174583
5.617500 0.174583
5.620000 0.169485
5.622500 0.169485
5.625000 0.169485
5.627500 0.174583
5.630000 0.174583
5.632500 0.169485
5.635000 0.174583
5.637500 0.169485
5.640000 0.169485
5.642500 0.174583
5.645000 0.174583
5.647500 0.174583
5.650000 0.174583
5.652500 0.174583
5.655000 0.169485
5.657500 0.174583
5.660000 0.179682
5.662500 0.179682
5.665000 0.184780
5.667500 0.184780
5.670000 0.179682
5.672500 0.184780
5.675000 0.184780
5.677500 0.189879
5.680000 0.184780
5.682500 0.184780
5.685000 0.179682
5.687500 0.174583
5.690000 0.174583
5.692500 0.179682
5.695000 0.174583
5.697500 0.179682
5.700000 0.174583
5.702500 0.169485
5.705000 0.169485
5.707500 0.169485
5.710000 0.174583
5.712500 0.174583
5.715000 0.174583
5.717500 0.169485
5.720000 0.169485
5.722500 0.169485
5.725000 0.169485
5.727500 0.174583
5.730000 0.174583
5.732500 0.174583
5.735000 0.169485
5.737500 0.169485
5.740000 0.169485
5.742500 0.174583
5.745000 0.174583
5.747500 0.174583
5.750000 0.174583
5.752500 0.169485
5.755000 0.169485
5.757500 0.174583
5.760000 0.169485
5.762500 0.174583
5.765000 0.174583
5.767500 0.169485
5.770000 0.169485
5.772500 0.169485
5.775000 0.174583
5.777500 0.174583
5.780000 0.174583
5.782500 0.174583
5.785000 0.169485
5.787500 0.169485
5.790000 0.174583
5.792500 0.174583
5.795000 0.174583
5.797500 0.174583
5.800000 0.174583
5.802500 0.169485
5.805000 0.169485
5.807500 0.169485
5.810000 0.174583
5.812500 0.174583
5.815000 0.174583
5.817500 0.169485
5.820000 0.169485
5.822500 0.169485
5.825000 0.169485
5.827500 0.174583
5.830000 0.174583
5.832500 0.169485
5.835000 0.169485
5.837500 0.169485
5.840000 0.169485
5.842500 0.169485
5.845000 0.179682
5.847500 0.174583
5.850000 0.169485
5.852500 0.169485
5.855000 0.169485
5.857500 0.169485
5.860000 0.174583
5.862500 0.174583
5.865000 0.174583
5.867500 0.174583
5.870000 0.174583
5.872500 0.164386
5.875000 0.174583
5.877500 0.174583
5.880000 0.174583
5.882500 0.169485
5.885000 0.169485
5.887500 0.169485
5.890000 0.169485
5.892500 0.174583
5.895000 0.174583
5.897500 0.174583
5.900000 0.174583
5.902500 0.169485
5.905000 0.169485
5.907500 0.169485
5.910000 0.174583
5.912500 0.179682
5.915000 0.174583
5.917500 0.174583
5.920000 0.169485
5.922500 0.169485
5.925000 0.169485
5.927500 0.174583
5.930000 0.174583
5.932500 0.174583
5.935000 0.169485
5.937500 0.169485
5.940000 0.169485
5.942500 0.174583
5.945000 0.174583
5.947500 0.174583
5.950000 0.174583
5.952500 0.169485
5.955000 0.169485
5.957500 0.174583
5.960000 0.174583
5.962500 0.179682
5.965000 0.179682
5.967500 0.179682
5.970000 0.179682
5.972500 0.179682
5.975000 0.184780
5.977500 0.189879
5.980000 0.189879
5.982500 0.189879
5.985000 0.189879
5.987500 0.189879
5.990000 0.194977
5.992500 0.194977
5.995000 0.200076
5.997500 0.200076
6.000000 0.200076
6.002500 0.194977
6.005000 0.200076
6.007500 0.200076
6.010000 0.205174
6.012500 0.205174
6.015000 0.210273
6.017500 0.205174
6.020000 0.200076
6.022500 0.205174
6.025000 0.205174
6.027500 0.205174
6.030000 0.210273
6.032500 0.210273
6.035000 0.200076
6.037500 0.205174
6.040000 0.200076
6.042500 0.205174
6.045000 0.205174
6.047500 0.205174
6.050000 0.194977
6.052500 0.189879
6.055000 0.184780
6.057500 0.184780
6.060000 0.184780
6.062500 0.184780
6.065000 0.179682
6.067500 0.174583
6.070000 0.169485
6.072500 0.169485
6.075000 0.174583
6.077500 0.174583
6.080000 0.179682
6.082500 0.174583
6.085000 0.169485
6.087500 0.169485
6.090000 0.169485
6.092500 0.169485
6.095000 0.179682
6.097500 0.174583
6.100000 0.174583
6.102500 0.169485
6.105000 0.169485
6.107500 0.169485
6.110000 0.174583
6.112500 0.179682
6.115000 0.174583
6.117500 0.169485
6.120000 0.169485
6.122500 0.169485
6.125000 0.169485
6.127500 0.179682
6.130000 0.174583
6.132500 0.174583
6.135000 0.169485
6.137500 0.169485
6.140000 0.169485
6.142500 0.174583
6.145000 0.174583
6.147500 0.169485
6.150000 0.164386
6.152500 0.154189
6.155000 0.143992
6.157500 0.138893
6.160000 0.138893
6.162500 0.149090
6.165000 0.169485
6.167500 0.200076
6.170000 0.220470
6.172500 0.251061
6.175000 0.286751
6.177500 0.322441
6.180000 0.347933
6.182500 0.383623
6.185000 0.414214
6.187500 0.429510
6.190000 0.414214
6.192500 0.398919
6.195000 0.378525
6.197500 0.347933
6.200000 0.322441
6.202500 0.286751
6.205000 0.251061
6.207500 0.225569
6.210000 0.194977
6.212500 0.159288
6.215000 0.123598
6.217500 0.118499
6.220000 0.118499
6.222500 0.128696
6.225000 0.138893
6.227500 0.149090
6.230000 0.159288
6.232500 0.164386
6.235000 0.164386
6.237500 0.164386
6.240000 0.169485
6.242500 0.169485
6.245000 0.174583
6.247500 0.179682
6.250000 0.174583
6.252500 0.169485
6.255000 0.169485
6.257500 0.169485
6.260000 0.174583
6.262500 0.179682
6.265000 0.174583
6.267500 0.174583
6.270000 0.169485
6.272500 0.174583
6.275000 0.169485
6.277500 0.174583
6.280000 0.174583
6.282500 0.174583
6.285000 0.169485
6.287500 0.169485
6.290000 0.169485
6.292500 0.169485
6.295000 0.174583
6.297500 0.174583
6.300000 0.169485
6.302500 0.169485
6.305000 0.169485
6.307500 0.169485
6.310000 0.174583
6.312500 0.174583
6.315000 0.174583
6.317500 0.169485
6.320000 0.169485
6.322500 0.169485
6.325000 0.169485
6.327500 0.174583
6.330000 0.179682
6.332500 0.169485
6.335000 0.169485
6.337500 0.169485
6.340000 0.169485
6.342500 0.174583
6.345000 0.179682
6.347500 0.174583
6.350000 0.169485
6.352500 0.169485
6.355000 0.169485
6.357500 0.169485
6.360000 0.169485
6.362500 0.179682
6.365000 0.174583
6.367500 0.174583
6.370000 0.169485
6.372500 0.169485
6.375000 0.169485
6.377500 0.174583
6.380000 0.174583
6.382500 0.174583
6.385000 0.174583
6.387500 0.174583
6.390000 0.174583
6.392500 0.179682
6.395000 0.184780
6.397500 0.184780
6.400000 0.184780
6.402500 0.184780
6.405000 0.179682
6.407500 0.184780
6.410000 0.189879
6.412500 0.194977
6.415000 0.194977
6.417500 0.194977
6.420000 0.189879
6.422500 0.189879
6.425000 0.194977
6.427500 0.200076
6.430000 0.200076
6.432500 0.200076
6.435000 0.200076
6.437500 0.194977
6.440000 0.205174
6.442500 0.205174
6.445000 0.205174
6.447500 0.210273
6.450000 0.210273
6.452500 0.205174
6.455000 0.205174
6.457500 0.210273
6.460000 0.210273
6.462500 0.215371
6.465000 0.215371
6.467500 0.215371
6.470000 0.210273
6.472500 0.210273
6.475000 0.215371
6.477500 0.215371
6.480000 0.220470
6.482500 0.220470
6.485000 0.215371
6.487500 0.215371
6.490000 0.215371
6.492500 0.220470
6.495000 0.225569
6.497500 0.230667
6.500000 0.220470
6.502500 0.215371
6.505000 0.220470
6.507500 0.220470
6.510000 0.225569
6.512500 0.225569
6.515000 0.225569
6.517500 0.225569
6.520000 0.215371
6.522500 0.220470
6.525000 0.220470
6.527500 0.225569
6.530000 0.230667
6.532500 0.225569
6.535000 0.220470
6.537500 0.220470
6.540000 0.220470
6.542500 0.220470
6.545000 0.225569
6.547500 0.225569
6.550000 0.220470
6.552500 0.215371
6.555000 0.215371
6.557500 0.215371
6.560000 0.215371
6.562500 0.220470
6.565000 0.215371
6.567500 0.210273
6.570000 0.205174
6.572500 0.200076
6.575000 0.205174
6.577500 0.205174
6.580000 0.205174
6.582500 0.200076
6.585000 0.194977
6.587500 0.189879
6.590000 0.184780
6.592500 0.184780
6.595000 0.189879
6.597500 0.184780
6.600000 0.184780
6.602500 0.179682
6.605000 0.174583
6.607500 0.169485
6.610000 0.179682
6.612500 0.179682
6.615000 0.174583
6.617500 0.174583
6.620000 0.169485
6.622500 0.169485
6.625000 0.169485
6.627500 0.174583
6.630000 0.174583
6.632500 0.174583
6.635000 0.174583
6.637500 0.169485
6.640000 0.169485
6.642500 0.174583
6.645000 0.174583
6.647500 0.174583
6.650000 0.174583
6.652500 0.169485
6.655000 0.164386
6.657500 0.174583
6.660000 0.179682
6.662500 0.179682
6.665000 0.184780
6.667500 0.179682
6.670000 0.179682
6.672500 0.179682
6.675000 0.184780
6.677500 0.184780
6.680000 0.184780
6.682500 0.184780
6.685000 0.179682
6.687500 0.174583
6.690000 0.179682
6.692500 0.174583
6.695000 0.174583
6.697500 0.179682
6.700000 0.174583
6.702500 0.169485
6.705000 0.169485
6.707500 0.174583
6.710000 0.174583
6.712500 0.174583
6.715000 0.174583
6.717500 0.174583
6.720000 0.164386
6.722500 0.169485
6.725000 0.174583
6.727500 0.174583
6.730000 0.174583
6.732500 0.174583
6.735000 0.169485
6.737500 0.169485
6.740000 0.169485
6.742500 0.169485
6.745000 0.174583
6.747500 0.179682
6.750000 0.169485
6.752500 0.169485
6.755000 0.169485
6.757500 0.169485
6.760000 0.174583
6.762500 0.179682
6.765000 0.174583
6.767500 0.169485
6.770000 0.169485
6.772500 0.169485
6.775000 0.169485
6.777500 0.174583
6.780000 0.174583
6.782500 0.169485
6.785000 0.169485
6.787500 0.169485
6.790000 0.169485
6.792500 0.169485
6.795000 0.174583
6.797500 0.174583
6.800000 0.169485
6.802500 0.169485
6.805000 0.169485
6.807500 0.169485
6.810000 0.174583
6.812500 0.179682
6.815000 0.174583
6.817500 0.169485
6.820000 0.174583
6.822500 0.169485
6.825000 0.169485
6.827500 0.174583
6.830000 0.174583
6.832500 0.174583
6.835000 0.169485
6.837500 0.169485
6.840000 0.169485
6.842500 0.174583
6.845000 0.174583
6.847500 0.174583
6.850000 0.169485
6.852500 0.169485
6.855000 0.169485
6.857500 0.169485
6.860000 0.174583
6.862500 0.174583
6.865000 0.174583
6.867500 0.174583
6.870000 0.169485
6.872500 0.169485
6.875000 0.169485
6.877500 0.174583
6.880000 0.174583
6.882500 0.174583
6.885000 0.174583
6.887500 0.169485
6.890000 0.169485
6.892500 0.174583
6.895000 0.174583
6.897500 0.174583
6.900000 0.174583
6.902500 0.169485
6.905000 0.169485
6.907500 0.169485
6.910000 0.174583
6.912500 0.174583
6.915000 0.174583
6.917500 0.174583
6.920000 0.169485
6.922500 0.169485
6.925000 0.174583
6.927500 0.174583
6.930000 0.174583
6.932500 0.174583
6.935000 0.169485
6.937500 0.164386
6.940000 0.169485
6.942500 0.174583
6.945000 0.174583
6.947500 0.174583
6.950000 0.174583
6.952500 0.169485
6.955000 0.169485
6.957500 0.169485
6.960000 0.174583
6.962500 0.179682
6.965000 0.179682
6.967500 0.179682
6.970000 0.174583
6.972500 0.179682
6.975000 0.184780
6.977500 0.184780
6.980000 0.189879
6.982500 0.189879
6.985000 0.184780
6.987500 0.189879
6.990000 0.189879
6.992500 0.194977
6.995000 0.200076
6.997500 0.205174
7.000000 0.200076
7.002500 0.200076
7.005000 0.200076
7.007500 0.200076
7.010000 0.205174
7.012500 0.210273
7.015000 0.210273
7.017500 0.205174
7.020000 0.200076
7.022500 0.205174
7.025000 0.205174
7.027500 0.205174
7.030000 0.210273
7.032500 0.210273
7.035000 0.205174
7.037500 0.200076
7.040000 0.205174
7.042500 0.200076
7.045000 0.205174
7.047500 0.200076
7.050000 0.194977
7.052500 0.189879
7.055000 0.184780
7.057500 0.184780
7.060000 0.184780
7.062500 0.184780
7.065000 0.179682
7.067500 0.174583
7.070000 0.174583
7.072500 0.169485
7.075000 0.169485
7.077500 0.174583
7.080000 0.174583
7.082500 0.174583
7.085000 0.169485
7.087500 0.169485
7.090000 0.169485
7.092500 0.169485
7.095000 0.174583
7.097500 0.174583
7.100000 0.169485
7.102500 0.169485
7.105000 0.169485
7.107500 0.174583
7.110000 0.174583
7.112500 0.179682
7.115000 0.174583
7.117500 0.174583
7.120000 0.169485
7.122500 0.169485
7.125000 0.169485
7.127500 0.174583
7.130000 0.174583
7.132500 0.169485
7.135000 0.169485
7.137500 0.169485
7.140000 0.169485
7.142500 0.174583
7.145000 0.169485
7.147500 0.169485
7.150000 0.164386
7.152500 0.154189
7.155000 0.149090
7.157500 0.138893
7.160000 0.138893
7.162500 0.159288
7.165000 0.169485
7.167500 0.194977
7.170000 0.220470
7.172500 0.251061
7.175000 0.286751
7.177500 0.322441
7.180000 0.347933
7.182500 0.383623
7.185000 0.414214
7.187500 0.424411
7.190000 0.414214
7.192500 0.398919
7.195000 0.378525
7.197500 0.347933
7.200000 0.322441
7.202500 0.286751
7.205000 0.251061
7.207500 0.225569
7.210000 0.189879
7.212500 0.164386
7.215000 0.128696
7.217500 0.123598
7.220000 0.123598
7.222500 0.133795
7.225000 0.138893
7.227500 0.149090
7.230000 0.159288
7.232500 0.169485
7.235000 0.164386
7.237500 0.169485
7.240000 0.169485
7.242500 0.169485
7.245000 0.174583
7.247500 0.174583
7.250000 0.174583
7.252500 0.169485
7.255000 0.164386
7.257500 0.169485
7.260000 0.174583
7.262500 0.174583
7.265000 0.174583
7.267500 0.169485
7.270000 0.169485
7.272500 0.169485
7.275000 0.169485
7.277500 0.174583
7.280000 0.174583
7.282500 0.169485
7.285000 0.169485
7.287500 0.169485
7.290000 0.169485
7.292500 0.169485
7.295000 0.174583
7.297500 0.174583
7.300000 0.169485
7.302500 0.169485
7.305000 0.169485
7.307500 0.169485
7.310000 0.169485
7.312500 0.174583
7.315000 0.174583
7.317500 0.169485
7.320000 0.169485
7.322500 0.169485
7.325000 0.169485
7.327500 0.174583
7.330000 0.179682
7.332500 0.174583
7.335000 0.169485
7.337500 0.169485
7.340000 0.169485
7.342500 0.169485
7.345000 0.174583
7.347500 0.174583
7.350000 0.169485
7.352500 0.169485
7.355000 0.169485
7.357500 0.169485
7.360000 0.174583
7.362500 0.179682
7.365000 0.169485
7.367500 0.169485
7.370000 0.169485
7.372500 0.169485
7.375000 0.169485
7.377500 0.174583
7.380000 0.179682
7.382500 0.174583
7.385000 0.174583
7.387500 0.174583
7.390000 0.174583
7.392500 0.179682
7.395000 0.184780
7.397500 0.179682
7.400000 0.184780
7.402500 0.184780
7.405000 0.179682
7.407500 0.184780
7.410000 0.189879
7.412500 0.189879
7.415000 0.194977
7.417500 0.194977
7.420000 0.189879
7.422500 0.189879
7.425000 0.200076
7.427500 0.200076
7.430000 0.200076
7.432500 0.200076
7.435000 0.200076
7.437500 0.194977
7.440000 0.200076
7.442500 0.205174
7.445000 0.205174
7.447500 0.205174
7.450000 0.205174
7.452500 0.205174
7.455000 0.200076
7.457500 0.210273
7.460000 0.210273
7.462500 0.215371
7.465000 0.215371
7.467500 0.215371
7.470000 0.205174
7.472500 0.210273
7.475000 0.215371
7.477500 0.215371
7.480000 0.220470
7.482500 0.220470
7.485000 0.215371
7.487500 0.210273
7.490000 0.220470
7.492500 0.220470
7.495000 0.225569
7.497500 0.225569
7.500000 0.225569
7.502500 0.215371
7.505000 0.220470
7.507500 0.220470
7.510000 0.225569
7.512500 0.230667
7.515000 0.230667
7.517500 0.225569
7.520000 0.220470
7.522500 0.225569
7.525000 0.225569
7.527500 0.225569
7.530000 0.230667
7.532500 0.225569
7.535000 0.220470
7.537500 0.220470
7.540000 0.220470
7.542500 0.220470
7.545000 0.225569
7.547500 0.230667
7.550000 0.220470
7.552500 0.215371
7.555000 0.215371
7.557500 0.215371
7.560000 0.215371
7.562500 0.220470
7.565000 0.215371
7.567500 0.210273
7.570000 0.205174
7.572500 0.205174
7.575000 0.205174
7.577500 0.205174
7.580000 0.205174
7.582500 0.205174
7.585000 0.194977
7.587500 0.189879
7.590000 0.184780
7.592500 0.189879
7.595000 0.194977
7.597500 0.189879
7.600000 0.184780
7.602500 0.179682
7.605000 0.169485
7.607500 0.169485
7.610000 0.179682
7.612500 0.174583
7.615000 0.174583
7.617500 0.174583
7.620000 0.169485
7.622500 0.169485
7.625000 0.169485
7.627500 0.179682
7.630000 0.174583
7.632500 0.174583
7.635000 0.174583
7.637500 0.169485
7.640000 0.169485
7.642500 0.174583
7.645000 0.179682
7.647500 0.174583
7.650000 0.174583
7.652500 0.169485
7.655000 0.169485
7.657500 0.169485
7.660000 0.174583
7.662500 0.184780
7.665000 0.184780
7.667500 0.184780
7.670000 0.179682
7.672500 0.179682
7.675000 0.184780
7.677500 0.184780
7.680000 0.184780
7.682500 0.184780
7.685000 0.179682
7.687500 0.174583
7.690000 0.174583
7.692500 0.179682
7.695000 0.174583
7.697500 0.174583
7.700000 0.174583
7.702500 0.169485
7.705000 0.169485
7.707500 0.169485
7.710000 0.174583
7.712500 0.174583
7.715000 0.174583
7.717500 0.174583
7.720000 0.169485
7.722500 0.169485
7.725000 0.169485
7.727500 0.174583
7.730000 0.179682
7.732500 0.174583
7.735000 0.169485
7.737500 0.169485
7.740000 0.169485
7.742500 0.169485
7.745000 0.174583
7.747500 0.174583
7.750000 0.174583
7.752500 0.169485
7.755000 0.169485
7.757500 0.169485
7.760000 0.174583
7.762500 0.174583
7.765000 0.174583
7.767500 0.169485
7.770000 0.169485
7.772500 0.169485
7.775000 0.174583
7.777500 0.174583
7.780000 0.174583
7.782500 0.174583
7.785000 0.169485
7.787500 0.169485
7.790000 0.169485
7.792500 0.174583
7.795000 0.174583
7.797500 0.179682
7.800000 0.174583
7.802500 0.169485
7.805000 0.169485
7.807500 0.169485
7.810000 0.174583
7.812500 0.179682
7.815000 0.174583
7.817500 0.174583
7.820000 0.169485
7.822500 0.169485
7.825000 0.169485
7.827500 0.174583
7.830000 0.174583
7.832500 0.174583
7.835000 0.169485
7.837500 0.169485
7.840000 0.169485
7.842500 0.169485
7.845000 0.179682
7.847500 0.174583
7.850000 0.169485
7.852500 0.169485
7.855000 0.169485
7.857500 0.169485
7.860000 0.174583
7.862500 0.174583
7.865000 0.174583
7.867500 0.174583
7.870000 0.169485
7.872500 0.169485
7.875000 0.169485
7.877500 0.174583
7.880000 0.174583
7.882500 0.169485
7.885000 0.174583
7.887500 0.169485
7.890000 0.169485
7.892500 0.174583
7.895000 0.174583
7.897500 0.174583
7.900000 0.174583
7.902500 0.169485
7.905000 0.169485
7.907500 0.169485
7.910000 0.174583
7.912500 0.174583
7.915000 0.174583
7.917500 0.174583
7.920000 0.169485
7.922500 0.169485
7.925000 0.169485
7.927500 0.179682
7.930000 0.174583
7.932500 0.174583
7.935000 0.169485
7.937500 0.169485
7.940000 0.169485
7.942500 0.174583
7.945000 0.174583
7.947500 0.174583
7.950000 0.169485
7.952500 0.169485
7.955000 0.169485
7.957500 0.169485
7.960000 0.174583
7.962500 0.174583
7.965000 0.179682
7.967500 0.179682
7.970000 0.174583
7.972500 0.179682
7.975000 0.184780
7.977500 0.184780
7.980000 0.189879
7.982500 0.189879
7.985000 0.189879
7.987500 0.189879
7.990000 0.189879
7.992500 0.194977
7.995000 0.200076
7.997500 0.200076
8.000000 0.200076
8.002500 0.194977
8.005000 0.200076
8.007500 0.200076
8.010000 0.200076
8.012500 0.210273
8.015000 0.205174
8.017500 0.205174
8.020000 0.200076
8.022500 0.205174
8.025000 0.205174
8.027500 0.210273
8.030000 0.210273
8.032500 0.205174
8.035000 0.200076
8.037500 0.205174
8.040000 0.200076
8.042500 0.200076
8.045000 0.205174
8.047500 0.205174
8.050000 0.194977
8.052500 0.194977
8.055000 0.184780
8.057500 0.184780
8.060000 0.184780
8.062500 0.189879
8.065000 0.179682
8.067500 0.174583
8.070000 0.169485
8.072500 0.169485
8.075000 0.169485
8.077500 0.174583
8.080000 0.174583
8.082500 0.174583
8.085000 0.169485
8.087500 0.169485
8.090000 0.169485
8.092500 0.169485
8.095000 0.179682
8.097500 0.174583
8.100000 0.174583
8.102500 0.169485
8.105000 0.169485
8.107500 0.169485
8.110000 0.174583
8.112500 0.174583
8.115000 0.174583
8.117500 0.174583
8.120000 0.169485
8.122500 0.169485
8.125000 0.169485
8.127500 0.174583
8.130000 0.174583
8.132500 0.169485
8.135000 0.174583
8.137500 0.169485
8.140000 0.169485
8.142500 0.174583
8.145000 0.174583
8.147500 0.169485
8.150000 0.164386
8.152500 0.159288
8.155000 0.143992
8.157500 0.138893
8.160000 0.133795
8.162500 0.149090
8.165000 0.174583
8.167500 0.200076
8.170000 0.230667
8.172500 0.251061
8.175000 0.286751
8.177500 0.322441
8.180000 0.347933
8.182500 0.383623
8.185000 0.414214
8.187500 0.424411
8.190000 0.414214
8.192500 0.398919
8.195000 0.373426
8.197500 0.347933
8.200000 0.322441
8.202500 0.286751
8.205000 0.251061
8.207500 0.225569
8.210000 0.194977
8.212500 0.164386
8.215000 0.133795
8.217500 0.118499
8.220000 0.118499
8.222500 0.128696
8.225000 0.138893
8.227500 0.149090
8.230000 0.164386
8.232500 0.164386
8.235000 0.164386
8.237500 0.164386
8.240000 0.169485
8.242500 0.169485
8.245000 0.174583
8.247500 0.174583
8.250000 0.174583
8.252500 0.169485
8.255000 0.169485
8.257500 0.169485
8.260000 0.169485
8.262500 0.174583
8.265000 0.174583
8.267500 0.169485
8.270000 0.169485
8.272500 0.169485
8.275000 0.169485
8.277500 0.174583
8.280000 0.174583
8.282500 0.174583
8.285000 0.169485
8.287500 0.169485
8.290000 0.169485
8.292500 0.174583
8.295000 0.174583
8.297500 0.174583
8.300000 0.169485
8.302500 0.174583
8.305000 0.169485
8.307500 0.174583
8.310000 0.174583
8.312500 0.174583
8.315000 0.174583
8.317500 0.169485
8.320000 0.169485
8.322500 0.169485
8.325000 0.169485
8.327500 0.174583
8.330000 0.179682
8.332500 0.169485
8.335000 0.169485
8.337500 0.169485
8.340000 0.169485
8.342500 0.169485
8.345000 0.174583
8.347500 0.174583
8.350000 0.169485
8.352500 0.169485
8.355000 0.169485
8.357500 0.169485
8.360000 0.174583
8.362500 0.174583
8.365000 0.174583
8.367500 0.174583
8.370000 0.169485
8.372500 0.169485
8.375000 0.169485
8.377500 0.179682
8.380000 0.179682
8.382500 0.174583
8.385000 0.174583
8.387500 0.174583
8.390000 0.174583
8.392500 0.179682
8.395000 0.184780
8.397500 0.184780
8.400000 0.184780
8.402500 0.184780
8.405000 0.179682
8.407500 0.184780
8.410000 0.189879
8.412500 0.194977
8.415000 0.189879
8.417500 0.194977
8.420000 0.189879
8.422500 0.189879
8.425000 0.200076
8.427500 0.200076
8.430000 0.200076
8.432500 0.205174
8.435000 0.200076
8.437500 0.194977
8.440000 0.200076
8.442500 0.205174
8.445000 0.210273
8.447500 0.205174
8.450000 0.210273
8.452500 0.205174
8.455000 0.205174
8.457500 0.210273
8.460000 0.210273
8.462500 0.215371
8.465000 0.220470
8.467500 0.210273
8.470000 0.210273
8.472500 0.210273
8.475000 0.215371
8.477500 0.215371
8.480000 0.220470
8.482500 0.220470
8.485000 0.215371
8.487500 0.215371
8.490000 0.220470
8.492500 0.220470
8.495000 0.220470
8.497500 0.225569
8.500000 0.220470
8.502500 0.215371
8.505000 0.220470
8.507500 0.220470
8.510000 0.225569
8.512500 0.230667
8.515000 0.225569
8.517500 0.225569
8.520000 0.220470
8.522500 0.225569
8.525000 0.220470
8.527500 0.225569
8.530000 0.230667
8.532500 0.225569
8.535000 0.220470
8.537500 0.225569
8.540000 0.220470
8.542500 0.220470
8.545000 0.225569
8.547500 0.225569
8.550000 0.220470
8.552500 0.215371
8.555000 0.215371
8.557500 0.210273
8.560000 0.215371
8.562500 0.220470
8.565000 0.215371
8.567500 0.210273
8.570000 0.210273
8.572500 0.205174
8.575000 0.205174
8.577500 0.205174
8.580000 0.205174
8.582500 0.200076
8.585000 0.200076
8.587500 0.189879
8.590000 0.189879
8.592500 0.189879
8.595000 0.189879
8.597500 0.184780
8.600000 0.179682
8.602500 0.179682
8.605000 0.169485
8.607500 0.169485
8.610000 0.174583
8.612500 0.174583
8.615000 0.174583
8.617500 0.174583
8.620000 0.169485
8.622500 0.169485
8.625000 0.169485
8.627500 0.174583
8.630000 0.174583
8.632500 0.174583
8.635000 0.174583
8.637500 0.169485
8.640000 0.169485
8.642500 0.174583
8.645000 0.174583
8.647500 0.174583
8.650000 0.174583
8.652500 0.174583
8.655000 0.169485
8.657500 0.174583
8.660000 0.179682
8.662500 0.179682
8.665000 0.179682
8.667500 0.184780
8.670000 0.179682
8.672500 0.174583
8.675000 0.184780
8.677500 0.184780
8.680000 0.184780
8.682500 0.184780
8.685000 0.184780
8.687500 0.174583
8.690000 0.174583
8.692500 0.174583
8.695000 0.179682
8.697500 0.174583
8.700000 0.179682
8.702500 0.169485
8.705000 0.169485
8.707500 0.174583
8.710000 0.174583
8.712500 0.174583
8.715000 0.179682
8.717500 0.174583
8.720000 0.169485
8.722500 0.169485
8.725000 0.169485
8.727500 0.169485
8.730000 0.174583
8.732500 0.174583
8.735000 0.169485
8.737500 0.169485
8.740000 0.169485
8.742500 0.174583
8.745000 0.174583
8.747500 0.179682
8.750000 0.174583
8.752500 0.169485
8.755000 0.169485
8.757500 0.169485
8.760000 0.174583
8.762500 0.174583
8.765000 0.174583
8.767500 0.169485
8.770000 0.169485
8.772500 0.169485
8.775000 0.169485
8.777500 0.174583
8.780000 0.179682
8.782500 0.174583
8.785000 0.169485
8.787500 0.169485
8.790000 0.169485
8.792500 0.169485
8.795000 0.174583
8.797500 0.174583
8.800000 0.169485
8.802500 0.169485
8.805000 0.169485
8.807500 0.169485
8.810000 0.174583
8.812500 0.179682
8.815000 0.174583
8.817500 0.169485
8.820000 0.174583
8.822500 0.169485
8.825000 0.169485
8.827500 0.174583
8.830000 0.179682
8.832500 0.174583
8.835000 0.169485
8.837500 0.169485
8.840000 0.169485
8.842500 0.174583
8.845000 0.179682
8.847500 0.174583
8.850000 0.174583
8.852500 0.174583
8.855000 0.169485
8.857500 0.169485
8.860000 0.174583
8.862500 0.174583
8.865000 0.174583
8.867500 0.169485
8.870000 0.169485
8.872500 0.169485
8.875000 0.169485
8.877500 0.179682
8.880000 0.174583
8.882500 0.169485
8.885000 0.169485
8.887500 0.169485
8.890000 0.169485
8.892500 0.174583
8.895000 0.174583
8.897500 0.174583
8.900000 0.174583
8.902500 0.169485
8.905000 0.169485
8.907500 0.169485
8.910000 0.174583
8.912500 0.174583
8.915000 0.174583
8.917500 0.174583
8.920000 0.169485
8.922500 0.169485
8.925000 0.174583
8.927500 0.174583
8.930000 0.174583
8.932500 0.174583
8.935000 0.169485
8.937500 0.169485
8.940000 0.169485
8.942500 0.169485
8.945000 0.174583
8.947500 0.174583
8.950000 0.174583
8.952500 0.169485
8.955000 0.169485
8.957500 0.174583
8.960000 0.174583
8.962500 0.179682
8.965000 0.179682
8.967500 0.179682
8.970000 0.174583
8.972500 0.179682
8.975000 0.184780
8.977500 0.189879
8.980000 0.189879
8.982500 0.189879
8.985000 0.189879
8.987500 0.189879
8.990000 0.189879
8.992500 0.200076
8.995000 0.200076
8.997500 0.205174
9.000000 0.200076
9.002500 0.200076
9.005000 0.200076
9.007500 0.200076
9.010000 0.205174
9.012500 0.210273
9.015000 0.210273
9.017500 0.205174
9.020000 0.205174
9.022500 0.205174
9.025000 0.205174
9.027500 0.205174
9.030000 0.210273
9.032500 0.210273
9.035000 0.205174
9.037500 0.200076
9.040000 0.200076
9.042500 0.200076
9.045000 0.205174
9.047500 0.205174
9.050000 0.194977
9.052500 0.189879
9.055000 0.189879
9.057500 0.184780
9.060000 0.184780
9.062500 0.184780
9.065000 0.179682
9.067500 0.174583
9.070000 0.174583
9.072500 0.169485
9.075000 0.169485
9.077500 0.174583
9.080000 0.179682
9.082500 0.174583
9.085000 0.174583
9.087500 0.169485
9.090000 0.169485
9.092500 0.169485
9.095000 0.174583
9.097500 0.174583
9.100000 0.169485
9.102500 0.174583
9.105000 0.169485
9.107500 0.169485
9.110000 0.169485
9.112500 0.179682
9.115000 0.174583
9.117500 0.174583
9.120000 0.169485
9.122500 0.169485
9.125000 0.169485
9.127500 0.179682
9.130000 0.174583
9.132500 0.174583
9.135000 0.174583
9.137500 0.169485
9.140000 0.169485
9.142500 0.169485
9.145000 0.174583
9.147500 0.169485
9.150000 0.169485
9.152500 0.159288
9.155000 0.143992
9.157500 0.138893
9.160000 0.133795
9.162500 0.149090
9.165000 0.169485
9.167500 0.200076
9.170000 0.220470
9.172500 0.245963
9.175000 0.291849
9.177500 0.327539
9.180000 0.347933
9.182500 0.383623
9.185000 0.409116
9.187500 0.424411
9.190000 0.419313
9.192500 0.398919
9.195000 0.378525
9.197500 0.353032
9.200000 0.322441
9.202500 0.286751
9.205000 0.251061
9.207500 0.225569
9.210000 0.194977
9.212500 0.164386
9.215000 0.133795
9.217500 0.118499
9.220000 0.118499
9.222500 0.128696
9.225000 0.138893
9.227500 0.149090
9.230000 0.159288
9.232500 0.169485
9.235000 0.164386
9.237500 0.164386
9.240000 0.169485
9.242500 0.169485
9.245000 0.174583
9.247500 0.179682
9.250000 0.174583
9.252500 0.169485
9.255000 0.169485
9.257500 0.174583
9.260000 0.169485
9.262500 0.174583
9.265000 0.174583
9.267500 0.169485
9.270000 0.169485
9.272500 0.169485
9.275000 0.169485
9.277500 0.169485
9.280000 0.179682
9.282500 0.174583
9.285000 0.169485
9.287500 0.169485
9.290000 0.169485
9.292500 0.169485
9.295000 0.174583
9.297500 0.174583
9.300000 0.169485
9.302500 0.169485
9.305000 0.169485
9.307500 0.169485
9.310000 0.174583
9.312500 0.179682
9.315000 0.174583
9.317500 0.169485
9.320000 0.174583
9.322500 0.169485
9.325000 0.169485
9.327500 0.174583
9.330000 0.179682
9.332500 0.169485
9.335000 0.169485
9.337500 0.169485
9.340000 0.169485
9.342500 0.174583
9.345000 0.179682
9.347500 0.174583
9.350000 0.169485
9.352500 0.174583
9.355000 0.164386
9.357500 0.169485
9.360000 0.174583
9.362500 0.174583
9.365000 0.174583
9.367500 0.174583
9.370000 0.169485
9.372500 0.169485
9.375000 0.169485
9.377500 0.174583
9.380000 0.174583
9.382500 0.174583
9.385000 0.174583
9.387500 0.169485
9.390000 0.174583
9.392500 0.179682
9.395000 0.179682
9.397500 0.184780
9.400000 0.184780
9.402500 0.179682
9.405000 0.179682
9.407500 0.184780
9.410000 0.189879
9.412500 0.189879
9.415000 0.194977
9.417500 0.194977
9.420000 0.189879
9.422500 0.189879
9.425000 0.194977
9.427500 0.200076
9.430000 0.205174
9.432500 0.205174
9.435000 0.200076
9.437500 0.200076
9.440000 0.200076
9.442500 0.205174
9.445000 0.205174
9.447500 0.210273
9.450000 0.210273
9.452500 0.205174
9.455000 0.205174
9.457500 0.210273
9.460000 0.210273
9.462500 0.215371
9.465000 0.215371
9.467500 0.210273
9.470000 0.210273
9.472500 0.210273
9.475000 0.215371
9.477500 0.215371
9.480000 0.220470
9.482500 0.220470
9.485000 0.215371
9.487500 0.210273
9.490000 0.215371
9.492500 0.220470
9.495000 0.225569
9.497500 0.225569
9.500000 0.225569
9.502500 0.220470
9.505000 0.220470
9.507500 0.220470
9.510000 0.220470
9.512500 0.225569
9.515000 0.230667
9.517500 0.220470
9.520000 0.225569
9.522500 0.220470
9.525000 0.225569
9.527500 0.225569
9.530000 0.225569
9.532500 0.225569
9.535000 0.220470
9.537500 0.220470
9.540000 0.220470
9.542500 0.220470
9.545000 0.225569
9.547500 0.225569
9.550000 0.215371
9.552500 0.215371
9.555000 0.210273
9.557500 0.210273
9.560000 0.215371
9.562500 0.220470
9.565000 0.210273
9.567500 0.210273
9.570000 0.205174
9.572500 0.205174
9.575000 0.200076
9.577500 0.210273
9.580000 0.205174
9.582500 0.200076
9.585000 0.194977
9.587500 0.189879
9.590000 0.189879
9.592500 0.189879
9.595000 0.189879
9.597500 0.184780
9.600000 0.184780
9.602500 0.179682
9.605000 0.174583
9.607500 0.169485
9.610000 0.174583
9.612500 0.174583
9.615000 0.174583
9.617500 0.174583
9.620000 0.169485
9.622500 0.164386
9.625000 0.169485
9.627500 0.174583
9.630000 0.174583
9.632500 0.174583
9.635000 0.174583
9.637500 0.169485
9.640000 0.169485
9.642500 0.174583
9.645000 0.174583
9.647500 0.174583
9.650000 0.174583
9.652500 0.174583
9.655000 0.169485
9.657500 0.174583
9.660000 0.179682
9.662500 0.179682
9.665000 0.184780
9.667500 0.184780
9.670000 0.179682
9.672500 0.174583
9.675000 0.184780
9.677500 0.184780
9.680000 0.184780
9.682500 0.184780
9.685000 0.179682
9.687500 0.174583
9.690000 0.179682
9.692500 0.179682
9.695000 0.174583
9.697500 0.179682
9.700000 0.174583
9.702500 0.169485
9.705000 0.169485
9.707500 0.174583
9.710000 0.174583
9.712500 0.174583
9.715000 0.179682
9.717500 0.169485
9.720000 0.169485
9.722500 0.169485
9.725000 0.169485
9.727500 0.174583
9.730000 0.179682
9.732500 0.174583
9.735000 0.169485
9.737500 0.169485
9.740000 0.169485
9.742500 0.169485
9.745000 0.174583
9.747500 0.174583
9.750000 0.174583
9.752500 0.169485
9.755000 0.169485
9.757500 0.169485
9.760000 0.169485
9.762500 0.179682
9.765000 0.174583
9.767500 0.169485
9.770000 0.169485
9.772500 0.169485
9.775000 0.169485
9.777500 0.174583
9.780000 0.174583
9.782500 0.174583
9.785000 0.169485
9.787500 0.169485
9.790000 0.169485
9.792500 0.169485
9.795000 0.179682
9.797500 0.174583
9.800000 0.169485
9.802500 0.174583
9.805000 0.169485
9.807500 0.169485
9.810000 0.174583
9.812500 0.179682
9.815000 0.174583
9.817500 0.174583
9.820000 0.169485
9.822500 0.169485
9.825000 0.169485
9.827500 0.179682
9.830000 0.174583
9.832500 0.174583
9.835000 0.174583
9.837500 0.169485
9.840000 0.169485
9.842500 0.174583
9.845000 0.179682
9.847500 0.174583
9.850000 0.174583
9.852500 0.174583
9.855000 0.169485
9.857500 0.169485
9.860000 0.174583
9.862500 0.174583
9.865000 0.174583
9.867500 0.174583
9.870000 0.169485
9.872500 0.169485
9.875000 0.174583
9.877500 0.174583
9.880000 0.174583
9.882500 0.174583
9.885000 0.174583
9.887500 0.164386
9.890000 0.169485
9.892500 0.174583
9.895000 0.174583
9.897500 0.174583
9.900000 0.174583
9.902500 0.169485
9.905000 0.169485
9.907500 0.169485
9.910000 0.174583
9.912500 0.174583
9.915000 0.174583
9.917500 0.174583
9.920000 0.169485
9.922500 0.169485
9.925000 0.169485
9.927500 0.174583
9.930000 0.174583
9.932500 0.179682
9.935000 0.169485
9.937500 0.169485
9.940000 0.169485
9.942500 0.174583
9.945000 0.174583
9.947500 0.174583
9.950000 0.174583
9.952500 0.169485
9.955000 0.169485
9.957500 0.174583
9.960000 0.174583
9.962500 0.179682
9.965000 0.179682
9.967500 0.179682
9.970000 0.174583
9.972500 0.179682
9.975000 0.184780
9.977500 0.189879
9.980000 0.189879
9.982500 0.189879
9.985000 0.189879
9.987500 0.189879
9.990000 0.194977
9.992500 0.194977
9.995000 0.200076
9.997500 0.200076
